used:45 ms
0:
    66.txt
        0.0 0.0 0.34653465346534656 0.012170973194880464 0.3716031177585844 0.0 0.01685844260101686 0.0 0.11962566119625663 0.0 0.3928375816305035 0.0 0.0 0.0 0.13131839499739448 0.0 0.0 0.0 0.0 0.05544554455445545 0.0 0.1750911933298593 0.0 0.015121512151215122 0.0 1.8297029702970298 0.1782178217821782 0.023318219672434533 0.0 0.0 0.1188118811881188 0.0 0.0 0.0 0.07485148514851485 0.0 0.0 
    109.txt
        0.0 0.0 0.0 0.0 0.3971631205673759 0.0 0.0 0.0 0.1917808219178082 0.0 0.5560283687943262 0.0 0.0 0.0 0.0 0.13930348258706468 0.0 0.0 0.0 0.04148148148148148 0.0 0.16374269005847955 0.0 0.0 0.0 1.2444444444444445 0.0 0.0 0.0 0.0 0.04444444444444444 0.0 0.0 0.0 0.09333333333333332 0.0 0.0 
    39.txt
        0.0 0.0 0.1891891891891892 0.033223467369808836 0.2898217366302473 0.0 0.0 0.0 0.04664938911514254 0.0 0.4926969522714204 0.0 0.0 0.0 0.10241820768136557 0.05082694634933441 0.0 0.0 0.0 0.1513513513513514 0.0 0.11948790896159318 0.0 0.04127764127764128 0.0 1.3621621621621622 0.0 0.0 0.0 0.0 0.0 0.0 0.07919547454431175 0.0 0.0681081081081081 0.0 0.0 
1:
    92.txt
        0.0 0.0 0.0 0.22350332594235034 0.0 0.0 0.0 0.0 0.0 0.0 0.29245647969052224 0.0 0.0 0.0 0.0 0.0 0.23617619493908154 0.0 0.0 0.20363636363636367 0.0 0.0 0.0 0.0 0.0 0.0 0.0 0.0 0.0 0.0 0.3272727272727272 0.0 0.0 0.0 0.0 0.0 0.0 
    44.txt
        0.0 0.0 0.0 0.3585365853658537 0.0 0.0 0.28378378378378377 0.0 0.0 0.3058252427184466 0.08936170212765956 0.0 0.0 0.0 0.0 0.0 0.3247422680412371 0.0 0.0 0.09333333333333334 0.0 0.0 0.0 0.0 0.0 0.0 0.0 0.29439252336448596 0.0 0.0 0.0 0.0 0.0 0.0 0.0 0.0 0.0 
    164.txt
        0.0 0.0 0.0 0.0 0.0 0.0 0.26195426195426197 0.0 0.0 0.0 0.5774140752864156 0.0 0.0 0.0 0.0 0.0 0.0 0.0 0.0 0.2584615384615385 0.0 0.0 0.1998413957176844 0.0 0.0 0.0 0.0 0.0 0.0 0.0 0.0 0.0 0.0 0.0 0.0 0.0 0.0 
    152.txt
        0.0 0.0 0.17500000000000002 0.24585365853658536 0.0 0.0 0.04256756756756757 0.0 0.04315068493150685 0.0 0.05361702127659575 0.0 0.0 0.13846153846153847 0.23684210526315788 0.18805970149253734 0.06494845360824743 0.0 0.0 0.028000000000000004 0.0 0.1105263157894737 0.06494845360824743 0.07636363636363637 0.0 0.0 0.0 0.0 0.5108108108108108 0.0 0.12 0.0 0.0 0.0 0.126 0.0 0.05779816513761468 
    187.txt
        0.0 0.0 0.0 0.22350332594235034 0.0 0.0 0.1547911547911548 0.0 0.0 0.0 0.09748549323017408 0.4405594405594405 0.0 0.0 0.0 0.0 0.0 0.0 0.0 0.10181818181818184 0.0 0.0 0.23617619493908154 0.0 0.0 0.0 0.0 0.0 0.0 0.0 0.3272727272727272 0.509090909090909 0.0 0.0 0.0 0.0 0.0 
    162.txt
        0.0 0.0 0.0 0.06958122411412794 0.0 0.0 0.2570117287098419 0.0 0.0 0.04616230078769005 0.0 0.274310595065312 0.0 0.052249637155297526 0.0 0.10644888763728529 0.0 0.0 0.0 0.0 0.0 0.08341608738828203 0.3921416066913052 0.11526586620926244 0.0 0.0 0.0 0.04443660730029977 0.0 0.0 0.38490566037735846 0.3169811320754717 0.0 0.0 0.0 0.0 0.0 
    49.txt
        0.0 0.0 0.0 0.0 0.0 0.0 0.0 0.0 0.0 0.0 0.31539424280350437 0.0 0.0 0.0 0.11145510835913312 0.0 0.30563978168587025 0.0 0.0 0.19764705882352945 0.0 0.0 0.0 0.08983957219251337 0.0 0.0 0.0 0.0 0.0 0.0 0.35294117647058826 0.0 0.0 0.0 0.0 0.0 0.0 
    209.txt
        0.0 0.0 0.0 0.1024390243902439 0.0 0.0 0.03547297297297297 0.0 0.03595890410958904 0.0 0.35744680851063826 0.0 0.0 0.0 0.15789473684210525 0.03917910447761194 0.10824742268041238 0.0 0.0 0.21000000000000002 0.0 0.0 0.05412371134020619 0.12727272727272726 0.0 0.0 0.0 0.0 0.14189189189189189 0.0 0.0 0.0 0.12209302325581395 0.0 0.0525 0.0 0.048165137614678895 
    175.txt
        0.0 0.0 0.0 0.03179142136248948 0.0 0.0 0.16146318732525627 0.0 0.04463863958431743 0.0 0.1479090242112986 0.626657824933687 0.0 0.023872679045092837 0.04900181488203267 0.032424086464230575 0.06718805545680769 0.0 0.0 0.12551724137931036 0.0 0.07622504537205083 0.17916814788482047 0.09216300940438872 0.0 0.0 0.0 0.0 0.05871388630009319 0.0 0.10344827586206896 0.7724137931034483 0.0 0.0 0.043448275862068966 0.0 0.0 
    210.txt
        0.0 0.0 0.0 0.21378579003181336 0.0 0.0 0.07403055229142186 0.0 0.0 0.10637399746728576 0.18649398704902867 0.21070234113712372 0.0 0.0 0.0 0.49059052563270605 0.0 0.0 0.0 0.0973913043478261 0.0 0.0 0.11295383236216944 0.0 0.0 0.0 0.0 0.10239739943112555 0.0 0.0 0.0 0.2434782608695652 0.0 0.0 0.0 0.0 0.10051854806541682 
    179.txt
        0.0 0.0 0.0 0.026578773895847067 0.0 0.01792318634423898 0.3589481373265157 0.0 0.07463902258422807 0.18514825505116767 0.03477860839562968 0.0 0.0 0.0 0.0 0.020330778539733765 0.0 0.0 0.0 0.02421621621621622 0.0 0.0 0.5195876288659794 0.0 0.0 0.0 0.0 0.17822682495579692 0.03681519357195033 0.0 0.2789189189189189 0.0 0.0316781898177247 0.0 0.1362162162162162 0.0 0.0 
    213.txt
        0.0 0.0 0.0 0.20726035167328416 0.031172686788718457 0.0 0.1583909490886235 0.0 0.040140172029308696 0.07112214946940618 0.06234537357743691 0.11270125223613595 0.0 0.016100178890876563 0.04406364749082007 0.13120444290177022 0.1057300407576121 0.0 0.0 0.07162790697674419 0.0 0.0 0.04531287461040518 0.14207188160676534 0.0 0.0 0.0 0.06846337752662464 0.0 0.0 0.16744186046511628 0.13023255813953488 0.15332612222823147 0.0 0.04395348837209302 0.0 0.05376573501173458 
    20.txt
        0.0 0.0 0.0 0.0 0.0 0.0 0.4006359300476947 0.0 0.10153102336825141 0.0 0.06307884856070088 0.0 0.0 0.0 0.0 0.4424934152765584 0.0 0.0 0.0 0.0 0.0 0.0 0.30563978168587025 0.08983957219251337 0.0 0.0 0.0 0.0 0.0 0.0 0.2823529411764706 0.0 0.0 0.0 0.0 0.0 0.0 
    237.txt
        0.0 0.0 0.0 0.22350332594235034 0.0 0.0 0.0386977886977887 0.0 0.11768368617683686 0.11120917917034422 0.02437137330754352 0.0 0.0 0.06293706293706294 0.5167464114832535 0.08548168249660788 0.11808809746954077 0.0 0.0 0.0 0.0 0.40191387559808617 0.0 0.10413223140495867 0.0 0.0 0.0 0.1070518266779949 0.1547911547911548 0.0 0.0 0.0 0.0 0.0 0.057272727272727274 0.0 0.05254378648874062 
    150.txt
        0.0 0.0 0.0 0.036154949784791966 0.0 0.0 0.05007949125596184 0.0 0.025382755842062853 0.035979440319817244 0.2523153942428035 0.0 0.0 0.04072398190045249 0.0 0.0 0.07640994542146756 0.0 0.0 0.24705882352941178 0.0 0.0 0.07640994542146756 0.044919786096256686 0.0 0.0 0.0 0.034634414513468936 0.0 0.0 0.40588235294117647 0.0 0.0 0.0 0.0 0.0 0.0 
    197.txt
        0.0 0.0 0.0 0.05996430696014277 0.0 0.0 0.33223467369808835 0.0 0.0 0.0 0.2353918007265179 0.23639774859287055 0.0 0.0675422138836773 0.0 0.0 0.06336434498365602 0.0 0.0 0.05463414634146342 0.0 0.0 0.2534573799346241 0.03725055432372506 0.0 0.0 0.0 0.0 0.0 0.0 0.23414634146341462 0.27317073170731704 0.0 0.0 0.06146341463414635 0.0 0.0 
    223.txt
        0.0 0.0 0.0 0.0806077568972411 0.0 0.0 0.13956579530350022 0.0 0.0 0.12032468565971668 0.03515870247645623 0.0 0.0 0.0 0.0 0.12331783704428678 0.04258914990704749 0.0 0.0 0.03672131147540984 0.0 0.0 0.0 0.0 0.0 0.0 0.0 0.11582656656963382 0.0 0.0 0.31475409836065577 0.0 0.38429279451010295 0.0 0.0 0.0 0.4927056700255677 
    136.txt
        0.0 0.0 0.0 0.08405253283302065 0.0458265139116203 0.0 0.07276507276507277 0.0 0.0 0.1672890216579537 0.22913256955810146 0.04142011834319527 0.0 0.02366863905325444 0.08097165991902834 0.016073478760045928 0.0 0.0 0.0 0.06700854700854701 0.0 0.0755735492577598 0.11102299762093577 0.07832167832167833 0.0 0.0 0.0 0.16103522645578722 0.058212058212058215 0.0 0.3282051282051282 0.04786324786324787 0.0 0.0 0.0 0.0 0.0 
    100.txt
        0.0 0.0 0.0 0.0 0.0 0.0 0.0 0.0 0.11506849315068493 0.0 0.1072340425531915 0.0 0.0 0.0 0.8210526315789474 0.0 0.0 0.0 0.0 0.07466666666666667 0.0 0.0 0.0 0.2545454545454545 0.0 0.0 0.0 0.0 0.0 0.0 0.19999999999999998 0.0 0.0 0.0 0.0 0.0 0.0 
    138.txt
        0.0 0.0 0.0 0.09455909943714823 0.0 0.0 0.032744282744282746 0.0 0.03319283456269758 0.0 0.3711947626841244 0.0 0.0 0.0 0.145748987854251 0.036165327210103335 0.0999206978588422 0.0 0.0 0.21538461538461542 0.0 0.0 0.0499603489294211 0.11748251748251749 0.0 0.0 0.0 0.0 0.13097713097713098 0.0 0.0 0.0 0.16905187835420393 0.0 0.048461538461538466 0.0 0.04446012702893437 
    172.txt
        0.0 0.0 0.0 0.029982153480071386 0.06538661131292164 0.04043645699614891 0.04152933421226104 0.0 0.1683929168058804 0.0 0.2615464452516866 0.05909943714821764 0.0 0.03377110694183865 0.09242618741976893 0.0 0.03168217249182801 0.10243902439024391 0.0 0.08195121951219513 0.0 0.0 0.03168217249182801 0.07450110864745012 0.0 0.0 0.0 0.0 0.0 0.0 0.3951219512195122 0.0 0.035734543391945546 0.0 0.030731707317073174 0.0 0.0 
    50.txt
        0.0 0.0 0.0 0.22350332594235034 0.0 0.1507177033492823 0.3095823095823096 0.0 0.07845579078455792 0.0 0.04874274661508704 0.0 0.0 0.0 0.0 0.0 0.0 0.0 0.0 0.10181818181818184 0.0 0.0 0.0 0.0 0.0 0.0 0.0 0.0 0.0 0.0 0.05454545454545454 0.0 0.0 0.0 0.0 0.0 0.8407005838198499 
    184.txt
        0.0 0.0 0.0 0.1293966623876765 0.14109742441209405 0.0 0.0 0.0 0.0 0.12876852324987223 0.2821948488241881 0.0 0.0 0.2186234817813765 0.09972299168975068 0.14846818538884524 0.1367335865436788 0.22105263157894736 0.0 0.08842105263157896 0.0 0.0 0.0 0.08038277511961722 0.0 0.0 0.0 0.12395474667978355 0.0 0.0 0.03157894736842105 0.0 0.07711138310893512 0.0 0.0663157894736842 0.0 0.0 
    153.txt
        0.0 0.0 0.0 0.055875831485587585 0.0 0.0 0.0 0.0 0.0 0.40776699029126207 0.09748549323017408 0.0 0.0 0.04195804195804196 0.05741626794258373 0.05698778833107192 0.0 0.0 0.0 0.01696969696969697 0.0 0.0 0.0 0.11570247933884298 0.0 0.0 0.0 0.39252336448598124 0.0 0.0 0.4181818181818182 0.0 0.04439746300211416 0.0 0.0 0.0 0.0 
    26.txt
        0.0 0.0 0.0 0.07064760302775441 0.18488628026412326 0.0 0.09785647716682198 0.3218390804597701 0.11903637222484648 0.0 0.08628026412325752 0.0 0.0 0.0 0.08711433756805807 0.0 0.3881976537504444 0.0 0.0 0.0 0.0 0.0 0.0 0.0877742946708464 0.0 0.0 0.0 0.0 0.0 0.0 0.496551724137931 0.0 0.0 0.0 0.02896551724137931 0.0 0.0 
    91.txt
        0.0 0.0 0.0 0.17560975609756097 0.0 0.0 0.06081081081081081 0.0 0.0 0.17475728155339804 0.03829787234042553 0.0 0.0 0.3956043956043956 0.2706766917293233 0.13432835820895522 0.0 0.0 0.0 0.04 0.0 0.0 0.0 0.0 0.0 0.0 0.0 0.16822429906542055 0.0 0.0 0.3 0.0 0.0 0.0 0.0 0.0 0.0 
    177.txt
        0.0 0.0 0.0 0.0 0.0 0.08087291399229782 0.33223467369808835 0.34146341463414637 0.0420982292014701 0.0 0.026154644525168656 0.0 0.0 0.0 0.09242618741976893 0.18347287950491448 0.0 0.0 0.0 0.02731707317073171 0.0 0.0 0.12672868996731204 0.0 0.0 0.0 0.0 0.0 0.0 0.0 0.029268292682926828 0.0 0.0 0.0 0.0 0.0 1.0713806220631015 
    194.txt
        0.0 0.0 0.0 0.27317073170731704 0.0 0.0 0.18918918918918917 0.0 0.0 0.0 0.23829787234042552 0.0 0.0 0.15384615384615383 0.0 0.0 0.0 0.0 0.0 0.18666666666666668 0.0 0.0 0.28865979381443296 0.1696969696969697 0.0 0.0 0.0 0.0 0.0 0.0 0.0 0.0 0.0 0.0 0.0 0.0 0.0 
    218.txt
        0.0 0.0 0.12727272727272726 0.17880266075388027 0.0 0.0 0.0 0.0 0.0 0.3113857016769638 0.1364796905222437 0.0 0.0 0.0 0.06889952153110047 0.0 0.0 0.0 0.0 0.12218181818181818 0.0 0.08038277511961722 0.0 0.08330578512396694 0.0 0.0 0.0 0.29974511469838566 0.0 0.0 0.24 0.0 0.0 0.0 0.0 0.0 0.08407005838198497 
    68.txt
        0.0 0.0 0.0 0.21951219512195122 0.3829787234042553 0.0 0.24324324324324323 0.0 0.0 0.0 0.30638297872340425 0.0 0.0 0.0 0.06766917293233082 0.0 0.0 0.0 0.0 0.2 0.0 0.0 0.0 0.16363636363636364 0.0 0.0 0.0 0.0 0.0 0.0 0.0 0.0 0.0 0.0 0.0 0.0 0.0 
    236.txt
        0.0 0.0 0.0 0.016174582798459562 0.0 0.0 0.0 0.0 0.5450612833453496 0.0 0.2257558790593505 0.0 0.0 0.0 0.0 0.0 0.0 0.0 0.0 0.02947368421052632 0.0 0.0 0.0 0.0 0.0 0.0 0.0 0.06197737333989178 0.2688477951635846 0.0 0.4263157894736842 0.0 0.03855569155446756 0.0 0.0 0.0 0.0 
    98.txt
        0.0 0.0 0.0 0.2048780487804878 0.0 0.0 0.28378378378378377 0.0 0.0 0.0 0.05957446808510638 0.0 0.0 0.0 0.0 0.5223880597014926 0.28865979381443296 0.0 0.0 0.06222222222222223 0.0 0.0 0.0 0.0 0.0 0.0 0.0 0.0 0.0 0.0 0.06666666666666667 0.0 0.0 0.0 0.0 0.0 0.2568807339449541 
    6.txt
        0.0 0.0 0.0 0.21378579003181336 0.0 0.0 0.07403055229142186 0.0 0.0 0.10637399746728576 0.18649398704902867 0.21070234113712372 0.0 0.0 0.0 0.49059052563270605 0.0 0.0 0.0 0.0973913043478261 0.0 0.0 0.11295383236216944 0.0 0.0 0.0 0.0 0.10239739943112555 0.0 0.0 0.0 0.2434782608695652 0.0 0.0 0.0 0.0 0.10051854806541682 
    72.txt
        0.0 0.0 0.0 0.11896144767899292 0.0 0.053480475382003394 0.027462946817785525 0.0 0.027839151568714096 0.1973066082054494 0.05188743994509266 0.0 0.0 0.17866004962779156 0.12224108658743632 0.06066441983630236 0.0 0.0 0.0 0.05419354838709678 0.0 0.0 0.0 0.07390029325513196 0.0 0.0 0.0 0.18993066023515223 0.0 0.0 0.23225806451612901 0.0 0.5671417854463615 0.0 0.0 0.0 0.0 
    38.txt
        0.0 0.0 0.18421052631578946 0.16174582798459564 0.0 0.1745152354570637 0.0 0.0 0.0 0.0 0.16931690929451287 0.0 0.0 0.0 0.4986149584487534 0.0 0.0683667932718394 0.4421052631578947 0.0 0.1768421052631579 0.0 0.11634349030470914 0.0 0.12057416267942583 0.0 0.0 0.0 0.0 0.0 0.0 0.0 0.0 0.07711138310893512 0.0 0.0 0.0 0.0 
    124.txt
        0.0 0.0 0.0 0.0 0.0 0.0 0.09459459459459459 0.0 0.0958904109589041 0.0 0.3375886524822695 0.4487179487179487 0.0 0.0 0.0 0.0 0.0 0.0 0.0 0.16592592592592592 0.0 0.0 0.048109965635738834 0.02828282828282828 0.0 0.0 0.0 0.0 0.0 0.0 0.2444444444444444 0.5185185185185185 0.0 0.0 0.0 0.0 0.0 
    226.txt
        0.0 0.0 0.03211009174311927 0.0902215260684717 0.0 0.030420086914534045 0.22650632283659808 0.0 0.06334045494533116 0.12345239155607018 0.08362287722037869 0.08892025405786874 0.0 0.06351446718419196 0.02607436021245775 0.017253183623168564 0.09533717960843659 0.0 0.0 0.061651376146789 0.0 0.0202800579430227 0.13108862196160032 0.00700583819849875 0.0 0.0 0.08256880733944955 0.1296407442339021 0.031242251425737666 0.0 0.3192660550458716 0.10275229357798166 0.04032430125880094 0.0 0.0924770642201835 0.0 0.0 
    7.txt
        0.0 0.0 0.0 0.10536585365853658 0.05106382978723405 0.0 0.08108108108108107 0.0 0.0 0.18640776699029127 0.13276595744680852 0.09230769230769231 0.0 0.026373626373626377 0.09022556390977443 0.01791044776119403 0.0 0.0 0.0 0.07466666666666667 0.0 0.0 0.12371134020618557 0.08727272727272728 0.0 0.0 0.0 0.1794392523364486 0.06486486486486487 0.0 0.3657142857142857 0.05333333333333334 0.0 0.0 0.0 0.0 0.0 
    28.txt
        0.0 0.0 0.0 0.0 0.0 0.0 0.0 0.0 0.0 0.0 0.2680851063829787 0.0 0.0 0.0 0.0 0.0 0.6494845360824743 0.0 0.0 0.28 0.0 0.0 0.0 0.0 0.0 0.0 0.0 0.0 0.0 0.0 0.3 0.0 0.0 0.0 0.0 0.0 0.0 
    161.txt
        0.0 0.0 0.0 0.058536585365853655 0.0 0.0 0.16216216216216214 0.0 0.0410958904109589 0.0 0.17872340425531913 0.0 0.0 0.13186813186813184 0.0 0.08955223880597014 0.061855670103092786 0.0 0.0 0.13333333333333333 0.0 0.0 0.24742268041237114 0.10909090909090909 0.0 0.0 0.0 0.0 0.0 0.0 0.2857142857142857 0.0 0.0 0.0 0.06 0.0 0.0 
    53.txt
        0.0 0.0 0.0 0.17861163227016888 0.0458265139116203 0.1700404858299595 0.029106029106029108 0.0 0.11801896733403584 0.4391336818521284 0.04582651391162029 0.0 0.0 0.0 0.032388663967611336 0.06429391504018371 0.044409199048374315 0.0 0.0 0.1052991452991453 0.0 0.0 0.0 0.05221445221445222 0.0 0.0 0.0 0.4227174694464414 0.0 0.0 0.08205128205128205 0.0 0.025044722719141325 0.0 0.0 0.0 0.07904022582921666 
    21.txt
        0.0 0.0 0.0 0.0 0.0 0.0 0.0 0.0 0.0 0.0 0.47659574468085103 0.0 0.0 0.0 0.10526315789473684 0.0 0.0 0.0 0.0 0.15555555555555559 0.0 0.0 0.0 0.21212121212121213 0.0 0.0 0.0 0.0 0.0 0.0 0.26666666666666666 0.0 0.0 0.0 0.0 0.0 0.0 
    60.txt
        0.0 0.0 0.0 0.15365853658536585 0.0 0.06907894736842105 0.0 0.0 0.0898972602739726 0.07645631067961164 0.05585106382978724 0.0 0.0 0.0 0.07894736842105263 0.01958955223880597 0.10824742268041238 0.0 0.0 0.05833333333333334 0.0 0.0 0.0 0.07954545454545456 0.0 0.0 0.1875 0.07359813084112149 0.0 0.0 0.2125 0.0 0.7630813953488372 0.0 0.0 0.0 0.09633027522935779 
    89.txt
        0.0 0.0 0.0 0.751219512195122 0.0 0.0 0.0 0.0 0.0 0.0 0.11914893617021276 0.0 0.0 0.0 0.0 0.31343283582089554 0.0 0.0 0.0 0.12444444444444445 0.0 0.0 0.0 0.0 0.0 0.0 0.0 0.0 0.0 0.0 0.0 0.0 0.0 0.0 0.0 0.0 0.0 
    126.txt
        0.0 0.0 0.0 0.0 0.0 0.0 0.13097713097713098 0.0 0.13277133825079032 0.0 0.16497545008183306 0.0 0.0 0.21301775147928995 0.0 0.14466130884041334 0.0 0.0 0.0 0.08615384615384616 0.0 0.0 0.1998413957176844 0.11748251748251749 0.0 0.0 0.0 0.0 0.0 0.0 0.36923076923076925 0.0 0.0 0.0 0.0 0.0 0.0 
    9.txt
        0.0 0.0 0.0 0.06385809312638581 0.0 0.0430622009569378 0.2211302211302211 0.0 0.022415940224159405 0.0 0.2646034816247582 0.1888111888111888 0.0 0.0 0.0 0.0 0.033739456419868794 0.0 0.0 0.14545454545454545 0.0 0.0 0.16869728209934395 0.05950413223140496 0.0 0.0 0.0 0.0 0.0 0.0 0.24935064935064935 0.21818181818181817 0.0 0.0 0.03272727272727273 0.0 0.0 
    19.txt
        0.0 0.0 0.0 0.4097560975609756 0.0 0.0 0.0 0.0 0.0 0.0 0.0 0.0 0.0 0.0 0.0 0.0 0.0 0.0 0.0 0.0 0.0 0.0 0.0 0.0 0.0 0.0 0.0 0.0 0.0 0.0 0.7999999999999999 0.0 0.0 0.0 0.0 0.0 0.0 
    222.txt
        0.0 0.0 0.0 0.02048780487804878 0.0 0.0 0.2554054054054054 0.0 0.028767123287671233 0.0 0.214468085106383 0.08076923076923076 0.0 0.0923076923076923 0.031578947368421054 0.03134328358208956 0.0 0.28 0.0 0.05600000000000001 0.0 0.0736842105263158 0.38969072164948454 0.025454545454545455 0.0 0.0 0.0 0.0 0.0 0.0 0.27999999999999997 0.0 0.0 0.0 0.084 0.0 0.0 
    119.txt
        0.0 0.0 0.35443037974683544 0.0 0.0 0.0 0.02155319876838864 0.0 0.15293913646610022 0.0 0.10859143549690277 0.061343719571567666 0.0 0.0 0.21585609593604263 0.02380502550538447 0.0 0.0 0.0 0.1559493670886076 0.0 0.0 0.0 0.07733026467203682 0.0 0.0 0.0 0.0 0.0 0.0 0.015189873417721518 0.0 0.0 0.0 0.0 0.0 0.9364765996980605 
    216.txt
        0.0 0.0 0.0 0.11951219512195121 0.07446808510638298 0.0 0.04729729729729729 0.0 0.023972602739726026 0.03398058252427184 0.2978723404255319 0.0 0.0 0.07692307692307691 0.05263157894736842 0.0 0.03608247422680412 0.0 0.0 0.18666666666666668 0.0 0.0 0.03608247422680412 0.08484848484848485 0.0 0.0 0.0 0.03271028037383177 0.0 0.0 0.23333333333333334 0.0 0.04069767441860465 0.0 0.0 0.0 0.06422018348623852 
    195.txt
        0.0 0.0 0.0 0.3073170731707317 0.0 0.0 0.3547297297297297 0.0 0.0 0.0 0.13404255319148936 0.0 0.0 0.0 0.0 0.15671641791044777 0.0 0.0 0.0 0.14 0.0 0.0 0.0 0.0 0.0 0.0 0.0 0.0 0.0 0.0 0.15 0.0 0.0 0.0 0.21 0.0 0.0 
    131.txt
        0.0 0.0 0.20588235294117646 0.036154949784791966 0.0 0.0 0.0 0.0 0.0 0.14391776127926897 0.12615769712140176 0.0 0.0 0.4886877828054299 0.0 0.27655838454784903 0.2292298362644027 0.0 0.0 0.13176470588235295 0.0 0.0 0.0 0.0 0.0 0.0 0.0 0.13853765805387575 0.20031796502384736 0.0 0.1411764705882353 0.0 0.0 0.0 0.0 0.0 0.06799784133837021 
    243.txt
        0.0 0.0 0.0 0.07230989956958393 0.0 0.0 0.6343402225755167 0.27450980392156865 0.16921837228041903 0.0 0.042052565707133914 0.0 0.0 0.0 0.0 0.03687445127304653 0.0 0.0 0.0 0.06588235294117648 0.0 0.08668730650154799 0.0 0.029946524064171125 0.0 0.0 0.0 0.0 0.0 0.0 0.18823529411764706 0.0 0.22982216142270862 0.0 0.0 0.0 0.13599568267674042 
    201.txt
        0.0 0.0 0.07608695652173914 0.08016967126193 0.0 0.036041189931350116 0.0 0.0 0.0 0.29252849303503586 0.11655874190564292 0.0 0.0 0.15050167224080266 0.06178489702517162 0.08176508760545101 0.0 0.0 0.0 0.0973913043478261 0.0 0.09610983981693365 0.0 0.13280632411067195 0.0 0.0 0.0 0.2815928484355953 0.0 0.0 0.24782608695652172 0.0 0.03185035389282103 0.0 0.027391304347826086 0.0 0.025129637016354206 
    27.txt
        0.0 0.0 0.0 0.049170731707317075 0.214468085106383 0.0 0.0 0.0 0.06904109589041096 0.0 0.042893617021276594 0.0 0.0 0.0 0.07578947368421052 0.2256716417910448 0.20783505154639176 0.0 0.0 0.0 0.0 0.0 0.0 0.12218181818181818 0.0 0.0 0.0 0.0 0.0 0.0 0.288 0.0 0.1172093023255814 0.0 0.0 0.0 0.5548623853211009 
    112.txt
        0.0 0.0 0.0 0.0 0.0 0.06766917293233082 0.0 0.0 0.0 0.0 0.7440729483282674 0.0 0.0 0.0 0.0 0.0 0.0 0.0 0.0 0.1142857142857143 0.0 0.0 0.0 0.03116883116883117 0.0 0.0 0.0 0.0 0.0 0.0 0.19591836734693877 0.0 0.0 0.0 0.0 0.0 0.0 
    59.txt
        0.0 0.0 0.0 0.07230989956958393 0.0 0.0 0.6343402225755167 0.27450980392156865 0.16921837228041903 0.0 0.042052565707133914 0.0 0.0 0.0 0.0 0.03687445127304653 0.0 0.0 0.0 0.06588235294117648 0.0 0.08668730650154799 0.0 0.029946524064171125 0.0 0.0 0.0 0.0 0.0 0.0 0.18823529411764706 0.0 0.22982216142270862 0.0 0.0 0.0 0.13599568267674042 
    188.txt
        0.21212121212121213 0.0 0.10606060606060606 0.055875831485587585 0.08123791102514508 0.0 0.0773955773955774 0.0 0.052303860523038606 0.0 0.29245647969052224 0.0 0.0 0.04195804195804196 0.028708133971291867 0.02849389416553596 0.039362699156513595 0.0 0.0 0.08484848484848485 0.0 0.1339712918660287 0.039362699156513595 0.046280991735537194 0.0 0.0 0.0 0.0 0.0 0.0 0.2909090909090909 0.0 0.0 0.0 0.15272727272727274 0.0 0.10508757297748124 
    123.txt
        0.0 0.0 0.0 0.18911819887429646 0.0 0.0 0.0 0.0 0.0 0.3136669156086631 0.09623567921440263 0.0 0.0 0.31952662721893493 0.0242914979757085 0.09644087256027555 0.0 0.0 0.0 0.11487179487179489 0.0 0.05668016194331984 0.0 0.058741258741258746 0.0 0.0 0.0 0.30194104960460094 0.08731808731808731 0.0 0.15384615384615383 0.0 0.0 0.0 0.0 0.0 0.05928016937191249 
    79.txt
        0.0 0.0 0.0 0.06829268292682926 0.14893617021276595 0.0 0.0 0.0 0.0 0.0 0.5063829787234042 0.0 0.0 0.0 0.05263157894736842 0.0 0.0 0.0 0.0 0.18666666666666668 0.0 0.0 0.0 0.21212121212121213 0.0 0.4666666666666667 0.0 0.0 0.0 0.0 0.03333333333333333 0.0 0.0 0.0 0.0 0.0 0.12844036697247704 
    159.txt
        0.0 0.0 0.0 0.1317073170731707 0.0 0.11842105263157894 0.1824324324324324 0.0 0.0 0.0 0.3829787234042553 0.17307692307692304 0.0 0.0 0.0 0.0 0.0 0.0 0.0 0.12000000000000001 0.0 0.0 0.09278350515463918 0.0 0.0 0.0 0.0 0.0 0.0 0.0 0.21428571428571427 0.19999999999999998 0.0 0.0 0.0 0.0 0.0 
    146.txt
        0.0 0.0 0.0 0.0993348115299335 0.0 0.06698564593301436 0.1375921375921376 0.0 0.034869240348692404 0.0 0.20580270793036748 0.1958041958041958 0.0 0.055944055944055944 0.0 0.0 0.02624179943767573 0.08484848484848485 0.0 0.09050505050505052 0.0 0.0 0.10496719775070291 0.015426997245179066 0.0 0.0 0.0 0.0 0.0 0.0 0.36363636363636365 0.22626262626262628 0.0 0.0 0.12727272727272726 0.0 0.0 
    211.txt
        0.0 0.0 0.0 0.014634146341463414 0.0 0.0 0.12162162162162161 0.0 0.226027397260274 0.029126213592233007 0.19148936170212766 0.11538461538461536 0.0 0.0 0.022556390977443608 0.022388059701492536 0.030927835051546393 0.1 0.0 0.10666666666666667 0.0 0.0 0.061855670103092786 0.05454545454545454 0.0 0.0 0.0 0.02803738317757009 0.0 0.0 0.3428571428571428 0.06666666666666665 0.17441860465116277 0.0 0.0 0.0 0.0 
    198.txt
        0.0 0.0 0.0 0.07230989956958393 0.0 0.0 0.4006359300476947 0.0 0.0 0.0 0.12615769712140176 0.0 0.0 0.0 0.0 0.1106233538191396 0.0 0.0 0.0 0.13176470588235295 0.0 0.0 0.30563978168587025 0.17967914438502675 0.0 0.0 0.0 0.0 0.0 0.0 0.1411764705882353 0.0 0.0 0.0 0.0 0.0 0.13599568267674042 
    196.txt
        0.0 0.0 0.0 0.2169296987087518 0.0 0.06501547987616099 0.3004769475357711 0.0 0.0 0.0 0.10513141426783479 0.19004524886877827 0.0 0.0 0.0 0.03687445127304653 0.0 0.0 0.0 0.10980392156862746 0.0 0.0 0.40751970891449363 0.0 0.0 0.0 0.0 0.0 0.0 0.0 0.23529411764705882 0.10980392156862744 0.0 0.0 0.0 0.0 0.0 
    47.txt
        0.0 0.0 0.0 0.15365853658536585 0.1675531914893617 0.0 0.07981418918918919 0.0 0.08090753424657535 0.0 0.11728723404255319 0.0 0.0 0.04326923076923077 0.05921052631578947 0.08815298507462688 0.08118556701030928 0.0 0.0 0.035 0.0 0.0 0.0 0.0715909090909091 0.0 0.0 0.0 0.0 0.0 0.0 0.4125 0.0 0.09156976744186046 0.0 0.0 0.0 0.1444954128440367 
    145.txt
        0.0 0.0 0.0 0.01951219512195122 0.0 0.0 0.3243243243243243 0.0 0.0273972602739726 0.0 0.18723404255319148 0.15384615384615383 0.0 0.04395604395604395 0.0 0.029850746268656716 0.0 0.0 0.0 0.08888888888888889 0.0 0.0 0.3711340206185567 0.0 0.0 0.0 0.0 0.0 0.0 0.0 0.3428571428571428 0.17777777777777776 0.0 0.0 0.0 0.0 0.0 
    204.txt
        0.0 0.0 0.0 0.1878048780487805 0.0 0.0 0.0 0.0 0.0 0.3058252427184466 0.08936170212765956 0.0 0.0 0.34615384615384615 0.02631578947368421 0.1044776119402985 0.0 0.0 0.0 0.1088888888888889 0.0 0.06140350877192983 0.0 0.06363636363636363 0.0 0.0 0.0 0.29439252336448596 0.09459459459459459 0.0 0.15 0.0 0.0 0.0 0.0 0.0 0.06422018348623852 
    186.txt
        0.0 0.0 0.0 0.033223467369808836 0.0 0.0 0.29912344777209643 0.0 0.02332469455757127 0.0 0.20287521564117308 0.06548856548856549 0.0 0.037422037422037424 0.025604551920341393 0.05082694634933441 0.035107272220674286 0.0 0.0 0.0756756756756757 0.0 0.0 0.2808581777653943 0.02063882063882064 0.0 0.0 0.0 0.0 0.0 0.0 0.30810810810810807 0.07567567567567568 0.11879321181646763 0.0 0.03405405405405405 0.0 0.0 
    43.txt
        0.0 0.0 0.0 0.258793324775353 0.0940649496080627 0.05817174515235457 0.05974395448079658 0.0 0.21196827685652486 0.0 0.30100783874580067 0.0 0.0 0.0 0.09972299168975068 0.0 0.0 0.0 0.0 0.1375438596491228 0.0 0.0 0.0 0.0 0.0 0.0 0.0 0.0 0.0 0.0 0.10526315789473684 0.0 0.0 0.0 0.08842105263157894 0.0 0.040560115886045384 
    241.txt
        0.0 0.0 0.0 0.14461979913916786 0.0 0.06501547987616099 0.0 0.0 0.10153102336825141 0.07195888063963449 0.052565707133917394 0.0 0.0 0.0 0.07430340557275542 0.018437225636523266 0.10187992722862341 0.0 0.0 0.05490196078431373 0.0 0.0 0.0 0.08983957219251337 0.0 0.0 0.1764705882352941 0.06926882902693787 0.0 0.0 0.19999999999999998 0.0 0.7756497948016415 0.0 0.0 0.0 0.13599568267674042 
    115.txt
        0.0 0.0 0.0 0.031519699812382736 0.0 0.0 0.45841995841995836 0.0 0.0 0.0 0.1237315875613748 0.1863905325443787 0.0 0.03550295857988166 0.0 0.0 0.0 0.0 0.0 0.08615384615384616 0.0 0.0 0.36637589214908806 0.0 0.0 0.0 0.0 0.0 0.0 0.0 0.30769230769230765 0.2153846153846154 0.0 0.0 0.06461538461538462 0.0 0.0 
    35.txt
        0.0 0.0 0.0 0.23792289535798583 0.0 0.10696095076400679 0.0 0.0 0.05567830313742819 0.15784528656435953 0.34591626630061767 0.0 0.0 0.08933002481389578 0.12224108658743632 0.06066441983630236 0.0 0.0 0.0 0.03612903225806452 0.0 0.0 0.0 0.09853372434017596 0.0 0.0 0.0 0.1519445281881218 0.0 0.0 0.07741935483870967 0.0 0.0 0.0 0.0 0.0 0.0 
    36.txt
        0.0 0.0 0.0 0.055875831485587585 0.0 0.1507177033492823 0.0 0.0 0.07845579078455792 0.0 0.5849129593810445 0.0 0.0 0.0 0.0 0.17096336499321577 0.0 0.0 0.0 0.05090909090909092 0.0 0.0 0.0 0.0 0.0 0.0 0.0 0.0 0.0 0.0 0.05454545454545454 0.0 0.0 0.0 0.34363636363636363 0.0 0.0 
    140.txt
        0.0 0.0 0.0 0.08780487804878048 0.09574468085106383 0.0 0.0 0.0 0.0 0.3495145631067961 0.15319148936170213 0.0 0.0 0.0989010989010989 0.06766917293233082 0.0 0.0 0.0 0.0 0.060000000000000005 0.0 0.07894736842105264 0.0 0.16363636363636364 0.0 0.0 0.0 0.3364485981308411 0.0 0.0 0.21428571428571427 0.0 0.05232558139534883 0.0 0.0 0.0 0.08256880733944953 
    55.txt
        0.0 0.0 0.0 0.3186991869918699 0.0 0.0 0.28378378378378377 0.25925925925925924 0.0 0.49838187702265363 0.05957446808510638 0.0 0.0 0.0 0.0 0.06965174129353234 0.0 0.0 0.0 0.06222222222222223 0.0 0.0 0.0 0.0 0.0 0.0 0.0 0.4797507788161993 0.0 0.0 0.0 0.0 0.0 0.0 0.0 0.0 0.0 
    240.txt
        0.0 0.0 0.0 0.13015781922525108 0.0 0.0 0.020031796502384736 0.16470588235294117 0.16244963738920226 0.028783552255853793 0.0504630788485607 0.0 0.0 0.0 0.08916408668730649 0.08849868305531168 0.15281989084293512 0.0 0.0 0.06588235294117648 0.0 0.0 0.0 0.05390374331550802 0.0 0.0 0.0 0.02770753161077515 0.0 0.0 0.05647058823529411 0.0 0.27578659370725034 0.0 0.0 0.0 0.7343766864543982 
    169.txt
        0.0 0.0 0.0 0.09704749679075737 0.0 0.0 0.022403982930298716 0.0 0.18168709444844988 0.0 0.33863381858902575 0.0 0.0 0.0728744939271255 0.0 0.0 0.0683667932718394 0.0 0.0 0.0736842105263158 0.0 0.0 0.0341833966359197 0.04019138755980861 0.0 0.0 0.0 0.0 0.0 0.0 0.3473684210526316 0.0 0.03855569155446756 0.0 0.0331578947368421 0.0 0.030420086914534038 
    86.txt
        0.0 0.0 0.0 0.16955424726661059 0.0 0.0 0.0 0.0 0.11903637222484648 0.0 0.0739545121056493 0.0 0.0 0.0 0.4573502722323049 0.1296963458569223 0.08958407394241023 0.0 0.0 0.1931034482758621 0.0 0.0 0.0 0.2633228840125392 0.0 0.0 0.0 0.0 0.0 0.0 0.0 0.0 0.0 0.0 0.08689655172413793 0.0 0.0 
    160.txt
        0.0 0.0 0.0 0.35121951219512193 0.0 0.23684210526315788 0.3648648648648648 0.0 0.0 0.0 0.07659574468085106 0.0 0.0 0.0 0.0 0.13432835820895522 0.0 0.0 0.0 0.08 0.0 0.0 0.0 0.10909090909090909 0.0 0.0 0.0 0.0 0.0 0.0 0.0 0.0 0.0 0.0 0.36 0.0 0.0 
    248.txt
        0.0 0.0 0.0 0.06934333958724202 0.0 0.05101214574898786 0.28814968814968817 0.0 0.044257112750263436 0.08782673637042568 0.06049099836333879 0.04970414201183432 0.0 0.014201183431952662 0.0 0.086796785304248 0.0 0.0 0.0 0.040205128205128206 0.0 0.0 0.3730372720063442 0.039160839160839164 0.0 0.0 0.0 0.08454349388928827 0.13970893970893972 0.0 0.2953846153846154 0.0 0.06010733452593917 0.0 0.06461538461538462 0.0 0.05928016937191249 
    167.txt
        0.0 0.0 0.0 0.35121951219512193 0.0 0.0 0.24324324324324323 0.0 0.0 0.0 0.30638297872340425 0.0 0.0 0.0 0.0 0.0 0.0 0.0 0.0 0.16 0.0 0.0 0.3711340206185567 0.0 0.0 0.0 0.0 0.0 0.0 0.0 0.0 0.0 0.0 0.0 0.0 0.0 0.0 
    234.txt
        0.0 0.0 0.0 0.029268292682926828 0.0 0.0 0.14864864864864863 0.0 0.0547945205479452 0.0 0.16170212765957445 0.5769230769230769 0.0 0.021978021978021976 0.045112781954887216 0.029850746268656716 0.061855670103092786 0.0 0.0 0.12444444444444445 0.0 0.07017543859649122 0.16494845360824742 0.08484848484848485 0.0 0.0 0.0 0.0 0.05405405405405405 0.0 0.14285714285714285 0.711111111111111 0.0 0.0 0.04 0.0 0.0 
    233.txt
        0.0 0.0 0.0 0.036154949784791966 0.0 0.0 0.05007949125596184 0.0 0.025382755842062853 0.035979440319817244 0.2523153942428035 0.0 0.0 0.04072398190045249 0.0 0.0 0.07640994542146756 0.0 0.0 0.24705882352941178 0.0 0.0 0.07640994542146756 0.044919786096256686 0.0 0.0 0.0 0.034634414513468936 0.0 0.0 0.40588235294117647 0.0 0.0 0.0 0.0 0.0 0.0 
    207.txt
        0.20588235294117646 0.0 0.20588235294117646 0.09038737446197992 0.0 0.0 0.4006359300476947 0.0 0.05076551168412571 0.0 0.07884856070087609 0.0 0.0 0.04072398190045249 0.0 0.0276558384547849 0.0 0.0 0.0 0.0823529411764706 0.0 0.06501547987616099 0.6112795633717405 0.11229946524064172 0.0 0.0 0.0 0.0 0.0 0.0 0.12352941176470587 0.0 0.0 0.0 0.0 0.0 0.033998920669185105 
    32.txt
        0.0 0.0 0.0 0.0 0.0 0.16578947368421054 0.0 0.0 0.0 0.6116504854368932 0.1072340425531915 0.0 0.0 0.0 0.09473684210526316 0.0 0.0 0.0 0.0 0.168 0.0 0.0 0.0 0.0 0.0 0.0 0.0 0.5887850467289719 0.0 0.0 0.12 0.0 0.0 0.0 0.0 0.0 0.11559633027522936 
    228.txt
        0.0 0.0 0.0 0.10612388138269872 0.03857339660186745 0.04770920106020447 0.07349795839004472 0.20143884892086333 0.07450477973785356 0.15841307536495075 0.1388642277667228 0.06972883231876037 0.0 0.019922523519645824 0.040893600908746684 0.0 0.037380404954387006 0.060431654676259 0.0 0.08863309352517985 0.0 0.03180613404013632 0.037380404954387006 0.07691301504251145 0.0 0.0 0.0 0.20332145498554427 0.0 0.0 0.2762589928057554 0.08057553956834532 0.021080809770788023 0.0 0.054388489208633095 0.0 0.04989769652168174 
    165.txt
        0.5060240963855421 0.0 0.08433734939759037 0.0592418454305025 0.0645988208151756 0.0 0.1846304135460762 0.0 0.06238653243109424 0.029477131828284008 0.20671622660856193 0.0 0.0 0.0 0.09131261889663919 0.022657795360546667 0.0 0.0 0.0 0.08096385542168676 0.0 0.10653138871274574 0.15650229785119862 0.0 0.0 0.0 0.0 0.028375182974890216 0.0 0.0 0.2746987951807229 0.0 0.0 0.0 0.060722891566265064 0.0 0.13927268707858959 
    73.txt
        0.0 0.0 0.0 0.08195121951219513 0.0 0.3315789473684211 0.0 0.0 0.057534246575342465 0.4893203883495145 0.07148936170212766 0.0 0.0 0.0 0.0 0.0 0.0 0.0 0.0 0.037333333333333336 0.0 0.0 0.0 0.10181818181818182 0.0 0.0 0.0 0.47102803738317756 0.0 0.0 0.08 0.0 0.4883720930232558 0.0 0.0 0.0 0.0 
    190.txt
        0.0 0.0 0.0 0.07682926829268293 0.0 0.0 0.03547297297297297 0.5833333333333333 0.03595890410958904 0.0 0.15638297872340426 0.0 0.0 0.0 0.039473684210526314 0.15671641791044777 0.0 0.175 0.0 0.09333333333333334 0.0 0.09210526315789475 0.05412371134020619 0.031818181818181815 0.0 0.0 0.0 0.0 0.0 0.0 0.5 0.0 0.0 0.0 0.0525 0.0 0.0 
    130.txt
        0.0 0.0 0.0 0.032349165596919124 0.0 0.0 0.17923186344238973 0.0 0.04542177361211247 0.0 0.16931690929451287 0.0 0.0 0.145748987854251 0.0 0.09897879025923016 0.0683667932718394 0.0 0.0 0.11789473684210527 0.0 0.0 0.2734671730873576 0.12057416267942583 0.0 0.0 0.0 0.0 0.0 0.0 0.28421052631578947 0.0 0.0 0.0 0.0663157894736842 0.0 0.0 
    219.txt
        0.0 0.0 0.0 0.05651808242220353 0.0 0.11433756805807622 0.0 0.0 0.13887576759565423 0.3937060595915634 0.04930300807043287 0.0 0.0 0.1909814323607427 0.06533575317604355 0.04323211528564076 0.0 0.19310344827586207 0.0 0.038620689655172416 0.0 0.0 0.0 0.01755485893416928 0.0 0.0 0.0 0.37898807605543017 0.0 0.0 0.12413793103448276 0.0 0.3368083400160385 0.0 0.14482758620689656 0.0 0.0 
    63.txt
        0.0 0.0 0.0 0.2048780487804878 0.0 0.0 0.0 0.0 0.0 0.0 0.0 0.0 0.0 0.0 0.0 0.31343283582089554 0.14432989690721648 0.0 0.0 0.0 0.0 0.0 0.0 0.08484848484848485 0.0 0.0 0.0 0.0 0.0 0.0 0.0 0.0 0.0 0.0 0.0 0.0 1.2844036697247707 
    51.txt
        0.0 0.0 0.0 0.27317073170731704 0.0 0.0 0.18918918918918917 0.0 0.0 0.27184466019417475 0.23829787234042552 0.0 0.0 0.0 0.0 0.0 0.0 0.0 0.0 0.12444444444444445 0.0 0.0 0.0 0.0 0.0 0.0 0.0 0.2616822429906542 0.0 0.0 0.13333333333333333 0.0 0.0 0.0 0.0 0.0 0.0 
    45.txt
        0.0 0.0 0.0 0.13658536585365852 0.0 0.03349282296650718 0.0 0.0 0.052303860523038606 0.1729920564872021 0.10831721470019343 0.0 0.0 0.11188811188811189 0.05741626794258373 0.15196743554952513 0.0 0.0 0.0 0.1470707070707071 0.0 0.0 0.0 0.10798898071625344 0.0 0.0 0.0 0.1665250637213254 0.0 0.0 0.16969696969696968 0.0 0.08879492600422832 0.0 0.0 0.0 0.18682235195996666 
    17.txt
        0.0 0.0 0.0 0.09105691056910568 0.0 0.0 0.25225225225225223 0.0 0.0 0.0 0.31773049645390067 0.0 0.0 0.0 0.0 0.0 0.0 0.0 0.0 0.12444444444444445 0.0 0.0 0.3848797250859107 0.0 0.0 0.0 0.0 0.0 0.0 0.0 0.2222222222222222 0.0 0.0 0.0 0.09333333333333332 0.0 0.0 
    147.txt
        0.0 0.0 0.0 0.11992861392028555 0.0 0.0 0.24917600527356623 0.0 0.0 0.0 0.2615464452516866 0.0 0.0 0.0 0.0 0.0 0.0 0.0 0.0 0.13658536585365855 0.0 0.0 0.2534573799346241 0.0 0.0 0.0 0.0 0.0 0.0 0.0 0.32195121951219513 0.0 0.07146908678389109 0.0 0.0 0.0 0.0 
    181.txt
        0.0 0.0 0.0 0.1084648493543759 0.07884856070087609 0.0 0.15023847376788554 0.0 0.07614826752618856 0.07195888063963449 0.1734668335419274 0.0 0.0 0.08144796380090498 0.0 0.0276558384547849 0.03820497271073378 0.0 0.0 0.04941176470588236 0.0 0.0 0.1910248635536689 0.022459893048128343 0.0 0.0 0.0 0.06926882902693787 0.0 0.0 0.38823529411764707 0.0 0.0 0.0 0.07411764705882352 0.0 0.0 
    11.txt
        0.0 0.0 0.0 0.055875831485587585 0.0 0.0 0.0 0.0 0.0 0.0 0.5849129593810445 0.0 0.0 0.0 0.08612440191387559 0.0 0.0 0.0 0.0 0.05090909090909092 0.0 0.0 0.0 0.13884297520661157 0.0 0.0 0.0 0.0 0.0 0.0 0.21818181818181817 0.0 0.0 0.0 0.0 0.0 0.10508757297748124 
    12.txt
        0.0 0.0 0.0 0.0 0.0 0.0 0.10216216216216216 0.0 0.10356164383561643 0.0 0.34314893617021275 0.38769230769230767 0.0 0.0 0.0 0.0 0.0 0.0 0.0 0.17920000000000003 0.0 0.0 0.05195876288659794 0.030545454545454546 0.0 0.0 0.0 0.0 0.0 0.0 0.24 0.44799999999999995 0.0 0.0 0.0 0.0 0.0 
    144.txt
        0.0 0.0 0.0 0.14048780487804877 0.0 0.0 0.12162162162162161 0.0 0.049315068493150684 0.034951456310679606 0.07659574468085106 0.0 0.0 0.1978021978021978 0.054135338345864654 0.16119402985074627 0.0 0.0 0.0 0.064 0.0 0.0 0.14845360824742268 0.13090909090909092 0.0 0.0 0.0 0.033644859813084106 0.19459459459459458 0.0 0.2571428571428571 0.0 0.0 0.0 0.036 0.0 0.09908256880733944 
    183.txt
        0.0 0.0 0.0 0.006303939962476548 0.0 0.0 0.227027027027027 0.0 0.008851422550052687 0.02509335324869305 0.0934860883797054 0.12426035502958578 0.0 0.0 0.0 0.028932261768082668 0.0 0.0 0.0 0.09764102564102564 0.0 0.0 0.26645519429024583 0.05482517482517482 0.0 0.0 0.0 0.02415528396836808 0.03492723492723493 0.0 0.5353846153846153 0.08615384615384615 0.015026833631484793 0.0 0.012923076923076923 0.0 0.011856033874382497 
    14.txt
        0.0 0.0 0.0 0.17560975609756097 0.0 0.0 0.3648648648648648 0.0 0.0 0.0 0.07659574468085106 0.0 0.0 0.0 0.0 0.0 0.0 0.0 0.0 0.08 0.0 0.0 0.5567010309278351 0.0 0.0 0.0 0.0 0.0 0.0 0.0 0.3428571428571428 0.0 0.0 0.0 0.0 0.0 0.0 
    107.txt
        0.0 0.0 0.0 0.057175269427112874 0.0 0.0 0.0 0.0 0.24084103217585218 0.22759087830209979 0.04987629886194953 0.0 0.0 0.0 0.0 0.0 0.0 0.0 0.0 0.052093023255813956 0.0 0.0 0.0 0.0 0.0 0.0 0.0 0.3286242121277983 0.0 0.0 0.33488372093023255 0.0 0.6133044889129259 0.0 0.0 0.0 0.0 
    122.txt
        0.0 0.0 0.0 0.1293966623876765 0.14109742441209405 0.0 0.0 0.0 0.0 0.12876852324987223 0.2821948488241881 0.0 0.0 0.2186234817813765 0.09972299168975068 0.14846818538884524 0.1367335865436788 0.22105263157894736 0.0 0.08842105263157896 0.0 0.0 0.0 0.08038277511961722 0.0 0.0 0.0 0.12395474667978355 0.0 0.0 0.03157894736842105 0.0 0.07711138310893512 0.0 0.0663157894736842 0.0 0.0 
    121.txt
        0.0 0.0 0.0 0.23414634146341462 0.0 0.0 0.08108108108108107 0.0 0.0 0.0 0.10212765957446808 0.0 0.0 0.13186813186813184 0.09022556390977443 0.26865671641791045 0.0 0.0 0.0 0.10666666666666667 0.0 0.0 0.0 0.0 0.0 0.0 0.0 0.0 0.0 0.0 0.22857142857142854 0.0 0.13953488372093023 0.0 0.0 0.0 0.2201834862385321 
    8.txt
        0.0 0.0 0.0 0.05651808242220353 0.0 0.11433756805807622 0.0 0.0 0.13887576759565423 0.3937060595915634 0.04930300807043287 0.0 0.0 0.1909814323607427 0.06533575317604355 0.04323211528564076 0.0 0.19310344827586207 0.0 0.038620689655172416 0.0 0.0 0.0 0.01755485893416928 0.0 0.0 0.0 0.37898807605543017 0.0 0.0 0.12413793103448276 0.0 0.3368083400160385 0.0 0.14482758620689656 0.0 0.0 
    139.txt
        0.2857142857142857 0.0 0.2857142857142857 0.05017421602787456 0.0 0.0 0.0 0.0 0.03522504892367906 0.0 0.17507598784194528 0.0 0.0 0.11302982731554159 0.03866809881847475 0.038379530916844345 0.0 0.0 0.0 0.06857142857142857 0.0 0.0 0.0 0.12467532467532468 0.0 0.0 0.36734693877551017 0.0 0.0 0.0 0.5387755102040817 0.0 0.0 0.0 0.05142857142857143 0.0 0.0 
    23.txt
        0.0 0.0 0.0 0.14461979913916786 0.0 0.0 0.0 0.0 0.0 0.431753283837807 0.18923654568210263 0.0 0.0 0.0 0.11145510835913312 0.0 0.15281989084293512 0.0 0.0 0.06588235294117648 0.0 0.0 0.0 0.08983957219251337 0.0 0.0 0.0 0.41561297416162724 0.0 0.0 0.1411764705882353 0.0 0.0 0.0 0.0 0.0 0.0 
    80.txt
        0.0 0.0 0.0 0.0 0.0 0.0 0.0 0.0 0.0 0.0 0.17872340425531913 0.0 0.0 0.0 0.0 0.6268656716417911 0.0 0.0 0.0 0.2488888888888889 0.0 0.0 0.0 0.08484848484848485 0.0 0.0 0.0 0.0 0.0 0.0 0.06666666666666667 0.0 0.0 0.0 0.0 0.0 0.38532110091743116 
    217.txt
        0.0 0.0 0.11864406779661017 0.1666804464654816 0.0 0.0 0.028859367842418687 0.0 0.11701880659391688 0.0829356590422906 0.01817526144969347 0.0 0.0 0.0 0.04817127564674398 0.20718441689855807 0.06604927485584484 0.0711864406779661 0.0 0.01898305084745763 0.0 0.03746654772524532 0.0 0.02588597842835131 0.0 0.0 0.0 0.13971170600348487 0.0 0.0 0.39661016949152544 0.0 0.07449743791880174 0.0 0.0 0.0 0.19592598351733786 
    128.txt
        0.0 0.0 0.0 0.1505226480836237 0.0 0.0 0.17374517374517373 0.0 0.0 0.0 0.17507598784194528 0.09890109890109888 0.0 0.11302982731554159 0.0 0.0 0.053019145802650956 0.0 0.0 0.09142857142857143 0.0 0.0 0.2650957290132548 0.15584415584415584 0.0 0.0 0.0 0.0 0.0 0.0 0.22040816326530613 0.11428571428571427 0.0 0.0 0.10285714285714286 0.0 0.0 
    182.txt
        0.0 0.0 0.0 0.04152933421226104 0.03622771707878091 0.06721194879089616 0.0 0.0945945945945946 0.02332469455757127 0.016531094200997114 0.05071880391029327 0.0 0.0 0.018711018711018712 0.6145092460881935 0.0 0.0 0.0 0.0 0.06810810810810812 0.0 0.08961593172119489 0.0 0.03095823095823096 0.0 0.0 0.0 0.015913109371053297 0.13805697589481372 0.0 0.31621621621621615 0.0 0.0 0.0 0.1872972972972973 0.0 0.15621125712868833 
    33.txt
        0.0 0.0 0.0 0.3073170731707317 0.0 0.0 0.0 0.0 0.0 0.20388349514563103 0.08936170212765956 0.0 0.0 0.0 0.0 0.0 0.0 0.0 0.0 0.09333333333333334 0.0 0.0 0.0 0.0 0.0 0.0 0.0 0.19626168224299062 0.0 0.0 0.3 0.0 0.0 0.0 0.0 0.0 0.38532110091743116 
    149.txt
        0.0 0.0 0.0 0.027317073170731707 0.0 0.0 0.03783783783783784 0.0 0.2684931506849315 0.05436893203883495 0.214468085106383 0.0 0.0 0.0 0.042105263157894736 0.0 0.0 0.0 0.0 0.22400000000000003 0.0 0.0 0.0577319587628866 0.10181818181818182 0.0 0.0 0.0 0.05233644859813084 0.0 0.0 0.18666666666666668 0.0 0.13023255813953488 0.0 0.112 0.0 0.0 
    212.txt
        0.0 0.0 0.0 0.14461979913916786 0.0 0.13003095975232198 0.1669316375198728 0.0 0.0676873489121676 0.19189034837235863 0.021026282853566957 0.0 0.0 0.054298642533936646 0.0 0.1106233538191396 0.15281989084293512 0.0 0.0 0.04392156862745098 0.0 0.0 0.0 0.05989304812834225 0.0 0.0 0.0 0.18471687740516765 0.0 0.0 0.23529411764705882 0.0 0.0 0.0 0.0 0.0 0.27199136535348084 
    156.txt
        0.0 0.0 0.0 0.21378579003181336 0.0 0.0 0.14806110458284372 0.0 0.03752233472304943 0.0 0.1398704902867715 0.21070234113712372 0.0 0.0 0.0 0.08176508760545101 0.0 0.1826086956521739 0.0 0.14608695652173914 0.0 0.0 0.22590766472433887 0.0 0.0 0.0 0.0 0.0 0.14806110458284372 0.0 0.2608695652173913 0.1217391304347826 0.0 0.0 0.0 0.0 0.0 
    202.txt
        0.0 0.0 0.0 0.05651808242220353 0.0 0.11433756805807622 0.0 0.0 0.13887576759565423 0.3937060595915634 0.04930300807043287 0.0 0.0 0.1909814323607427 0.06533575317604355 0.04323211528564076 0.0 0.19310344827586207 0.0 0.038620689655172416 0.0 0.0 0.0 0.01755485893416928 0.0 0.0 0.0 0.37898807605543017 0.0 0.0 0.12413793103448276 0.0 0.3368083400160385 0.0 0.14482758620689656 0.0 0.0 
    191.txt
        0.0 0.0 0.0 0.2048780487804878 0.0 0.0 0.14189189189189189 0.0 0.0 0.0 0.35744680851063826 0.0 0.0 0.0 0.0 0.0 0.0 0.0 0.0 0.18666666666666668 0.0 0.0 0.21649484536082475 0.2545454545454545 0.0 0.0 0.0 0.0 0.0 0.0 0.0 0.0 0.0 0.0 0.0 0.0 0.0 
    15.txt
        0.0 0.0 0.0 0.0625051674245556 0.0 0.0 0.3463124141090243 0.0 0.02925470164847922 0.0 0.09087630724846736 0.0 0.0 0.0 0.032114183764495985 0.06374905135340249 0.04403284990389656 0.0 0.0 0.03796610169491526 0.0 0.14986619090098127 0.39629564913506904 0.02588597842835131 0.0 0.0 0.0 0.0 0.0 0.0 0.36610169491525424 0.0 0.0 0.0 0.08542372881355932 0.0 0.0 
    231.txt
        0.0 0.0 0.0 0.05784791965566714 0.0 0.03900928792569659 0.20031796502384736 0.0 0.040612409347300565 0.0 0.2523153942428035 0.17104072398190043 0.0 0.0 0.0 0.0 0.030563978168587025 0.0 0.0 0.14494117647058827 0.0 0.0 0.15281989084293512 0.05390374331550802 0.0 0.0 0.0 0.0 0.0 0.0 0.2964705882352941 0.1976470588235294 0.0 0.0 0.029647058823529412 0.0 0.0 
    232.txt
        0.0 0.0 0.0 0.14183864915572234 0.0 0.0 0.16372141372141372 0.0 0.0 0.0 0.1855973813420622 0.09319526627218935 0.0 0.10650887573964497 0.0 0.0 0.0499603489294211 0.0 0.0 0.10769230769230771 0.0 0.0 0.2498017446471055 0.14685314685314688 0.0 0.0 0.0 0.0 0.0 0.0 0.23076923076923078 0.1076923076923077 0.0 0.0 0.09692307692307693 0.0 0.0 
    173.txt
        0.0 0.0 0.0 0.05344644750795334 0.0 0.0 0.0 0.0 0.15008933889219772 0.0 0.09324699352451433 0.0 0.0 0.0 0.0 0.08176508760545101 0.0 0.0 0.0 0.04869565217391305 0.0 0.0 0.0 0.0 0.0 0.0 0.0 0.0 0.0 0.0 0.8347826086956521 0.0 0.0 0.0 0.0 0.0 0.0 
    13.txt
        0.0 0.0 0.0 0.08195121951219513 0.0 0.11052631578947368 0.28378378378378377 0.0 0.0 0.0 0.214468085106383 0.16153846153846152 0.0 0.0 0.06315789473684211 0.0 0.0 0.0 0.0 0.07466666666666667 0.0 0.0 0.4329896907216495 0.0 0.0 0.0 0.0 0.0 0.0 0.0 0.24 0.18666666666666665 0.0 0.0 0.0 0.0 0.0 
    158.txt
        0.0 0.0 0.0 0.057175269427112874 0.0 0.0 0.2771841609050911 0.0 0.0 0.0 0.2244433448787729 0.2254025044722719 0.0 0.0 0.0 0.0 0.06041716614720691 0.0 0.0 0.07813953488372094 0.0 0.0 0.3020858307360345 0.035517970401691336 0.0 0.0 0.0 0.0 0.0 0.0 0.30697674418604654 0.26046511627906976 0.0 0.0 0.0 0.0 0.0 
    31.txt
        0.0 0.0 0.0 0.0 0.0 0.0 0.0 0.0 0.0 0.7528005974607916 0.16497545008183306 0.0 0.0 0.0 0.0 0.0 0.0 0.0 0.0 0.17230769230769233 0.0 0.0 0.0 0.0 0.0 0.0 0.0 0.7246585190510424 0.0 0.0 0.0 0.0 0.0 0.0 0.0 0.0 0.17784050811573748 
    220.txt
        0.0 0.0 0.0 0.027317073170731707 0.0 0.0 0.03783783783783784 0.0 0.2684931506849315 0.05436893203883495 0.214468085106383 0.0 0.0 0.0 0.042105263157894736 0.0 0.0 0.0 0.0 0.22400000000000003 0.0 0.0 0.0577319587628866 0.10181818181818182 0.0 0.0 0.0 0.05233644859813084 0.0 0.0 0.18666666666666668 0.0 0.13023255813953488 0.0 0.112 0.0 0.0 
    90.txt
        0.0 0.0 0.0 0.1966829268292683 0.0 0.13263157894736843 0.0 0.0 0.0 0.3914563106796116 0.17157446808510637 0.0 0.0 0.0 0.07578947368421052 0.0 0.0 0.0 0.0 0.17920000000000003 0.0 0.0 0.0 0.06109090909090909 0.0 0.0 0.0 0.376822429906542 0.0 0.0 0.048 0.0 0.1172093023255814 0.0 0.0 0.0 0.0 
    154.txt
        0.0 0.0 0.0 0.19207317073170732 0.0 0.0 0.15962837837837837 0.0 0.0 0.0 0.13404255319148936 0.0 0.0 0.17307692307692307 0.0 0.0 0.08118556701030928 0.0 0.0 0.14 0.0 0.0 0.24355670103092786 0.1431818181818182 0.0 0.0 0.0 0.0 0.0 0.0 0.22499999999999998 0.0 0.0 0.0 0.07875 0.0 0.0 
    114.txt
        0.0 0.0 0.0 0.03269330565646082 0.0 0.017637178051511757 0.3622771707878091 0.0 0.07344797435150102 0.18219376161950007 0.03422363060208239 0.0 0.0 0.0 0.0 0.020006351222610352 0.0 0.0 0.0 0.023829787234042554 0.0 0.0 0.5251151568326388 0.0 0.0 0.0 0.0 0.17538277987671502 0.036227717078780905 0.0 0.274468085106383 0.0 0.031172686788718453 0.0 0.13404255319148936 0.0 0.0 
    34.txt
        0.0 0.0 0.0 0.0416701116163704 0.0 0.056199821587867974 0.057718735684837374 0.0 0.05850940329695844 0.0 0.25445366029570865 0.08213820078226858 0.0 0.0 0.12845673505798394 0.0 0.0 0.1423728813559322 0.0 0.09491525423728814 0.0 0.0 0.04403284990389656 0.07765793528505394 0.0 0.0 0.0 0.0 0.0 0.0 0.44745762711864406 0.0 0.04966495861253449 0.0 0.0 0.0 0.0 
    247.txt
        0.0 0.0 0.0 0.02643587726199843 0.0 0.017826825127334467 0.36617262423714037 0.0 0.07423773751657094 0.1841528343250861 0.03459162663006177 0.0 0.0 0.0 0.0 0.020221473278767457 0.0 0.0 0.0 0.024086021505376348 0.0 0.0 0.5167941469903559 0.0 0.0 0.0 0.0 0.17726861621947543 0.03661726242371404 0.0 0.27741935483870966 0.0 0.03150787696924231 0.0 0.13548387096774195 0.0 0.0 
    101.txt
        0.0 0.0 0.0 0.0 0.0 0.0 0.0 0.0 0.0 0.0 0.19497098646034816 0.0 0.0 0.0 0.17224880382775118 0.0 0.23617619493908154 0.0 0.0 0.10181818181818184 0.0 0.0 0.0 0.0 0.0 0.0 0.0 0.0 0.0 0.0 0.10909090909090909 0.0 0.0 0.0 0.0 0.0 1.0508757297748124 
    110.txt
        0.0 0.0 0.0 0.39113082039911307 0.0 0.0 0.0 0.0 0.23536737235367372 0.0 0.09748549323017408 0.0 0.0 0.1258741258741259 0.08612440191387559 0.2564450474898236 0.23617619493908154 0.0 0.0 0.05090909090909092 0.0 0.0 0.0 0.13884297520661157 0.0 0.0 0.0 0.0 0.0 0.0 0.0 0.0 0.0 0.0 0.0 0.0 0.0 
    174.txt
        0.0 0.0 0.0 0.03073170731707317 0.0 0.0 0.17027027027027028 0.0 0.0 0.0 0.20106382978723403 0.06057692307692308 0.0 0.0 0.02368421052631579 0.023507462686567168 0.0 0.0 0.0 0.11200000000000002 0.0 0.0 0.2597938144329897 0.057272727272727274 0.0 0.0 0.0 0.0 0.08513513513513514 0.0 0.44999999999999996 0.0 0.0 0.0 0.063 0.0 0.0 
    171.txt
        0.0 0.0 0.0 0.04390243902439024 0.0 0.0 0.06081081081081081 0.0 0.1232876712328767 0.0 0.03829787234042553 0.0 0.0 0.0 0.06766917293233082 0.0 0.0 0.0 0.0 0.04 0.0 0.0 0.0 0.32727272727272727 0.0 0.0 0.0 0.0 0.0 0.0 0.5142857142857142 0.0 0.20930232558139533 0.0 0.0 0.0 0.08256880733944953 
    151.txt
        0.0 0.0 0.0 0.10689289501590668 0.0 0.0 0.07403055229142186 0.0 0.0 0.0 0.3263644773358002 0.0 0.0 0.0 0.08237986270022883 0.0 0.22590766472433887 0.0 0.0 0.0973913043478261 0.0 0.0 0.0 0.13280632411067195 0.0 0.0 0.0 0.0 0.0 0.0 0.31304347826086953 0.0 0.0 0.0 0.0 0.0 0.0 
    18.txt
        0.0 0.0 0.0 0.29982153480071383 0.06538661131292164 0.08087291399229782 0.12458800263678312 0.0 0.18944203140661545 0.029836609045702105 0.03923196678775298 0.0 0.0 0.2026266416510319 0.04621309370988447 0.04586821987622862 0.0 0.0 0.0 0.04097560975609756 0.0 0.05391527599486522 0.0 0.07450110864745012 0.0 0.0 0.43902439024390244 0.02872122179165717 0.16611733684904417 0.0 0.16097560975609757 0.0 0.0 0.0 0.15365853658536585 0.0 0.028194226896397404 
    199.txt
        0.0 0.0 0.0 0.11628213579433092 0.07245543415756182 0.0 0.04601899196493791 0.0 0.02332469455757127 0.03306218840199423 0.30431282346175964 0.0 0.0 0.07484407484407485 0.051209103840682786 0.0 0.035107272220674286 0.0 0.0 0.18162162162162165 0.0 0.0 0.035107272220674286 0.08255528255528256 0.0 0.0 0.0 0.031826218742106595 0.0 0.0 0.24324324324324326 0.0 0.039597737272155875 0.0 0.0 0.0 0.06248450285147533 
    56.txt
        0.0 0.0 0.0 0.10149921682703066 0.0983798555533867 0.06084017382906809 0.0 0.0 0.07917556868166395 0.40402600872895694 0.10821784110872536 0.0 0.0 0.025405786873676783 0.0521487204249155 0.10351910173901138 0.0 0.0 0.0 0.10275229357798167 0.0 0.0405601158860454 0.0 0.084070058381985 0.0 0.0 0.0 0.3889222327017062 0.0 0.0 0.07706422018348624 0.0 0.16129720503520376 0.0 0.0 0.0 0.08484134332126926 
    94.txt
        0.0 0.0 0.0 0.17560975609756097 0.0 0.23684210526315788 0.12162162162162161 0.0 0.0 0.262135922330097 0.03829787234042553 0.0 0.0 0.0 0.06766917293233082 0.0 0.18556701030927836 0.0 0.0 0.12000000000000001 0.0 0.0 0.0 0.05454545454545454 0.0 0.0 0.0 0.2523364485981308 0.0 0.0 0.0 0.0 0.0 0.0 0.0 0.0 0.4954128440366972 
    37.txt
        0.0 0.0 0.0 0.03512195121951219 0.3829787234042553 0.04736842105263158 0.0 0.0 0.07397260273972603 0.0 0.6280851063829788 0.0 0.0 0.0 0.08120300751879699 0.0 0.0 0.0 0.0 0.0 0.0 0.0 0.0 0.0 0.0 0.0 0.0 0.0 0.0 0.0 0.10285714285714286 0.0 0.0 0.0 0.32399999999999995 0.0 0.0 
    163.txt
        0.0 0.0 0.0 0.06958122411412794 0.0 0.0 0.09637939826619071 0.0 0.0 0.0 0.2427940586109996 0.0 0.0 0.0 0.0714995034756703 0.07096592509152351 0.04901770083641315 0.0 0.0 0.1479245283018868 0.0 0.0 0.14705310250923945 0.17289879931389365 0.0 0.0 0.0 0.0 0.0 0.0 0.3169811320754717 0.0 0.0 0.0 0.0 0.0 0.0 
    133.txt
        0.05405405405405406 0.0 0.05405405405405406 0.05220830586684245 0.04140310523289247 0.025604551920341397 0.13805697589481372 0.21621621621621623 0.09329877823028508 0.028339018630280762 0.19045428407130535 0.01871101871101871 0.0 0.0 0.03657793131477342 0.03630496167809601 0.04012259682362775 0.0 0.0 0.07351351351351351 0.0 0.0 0.160490387294511 0.011793611793611795 0.0 0.0 0.0 0.02727961606466279 0.0 0.0 0.32432432432432434 0.02162162162162162 0.11313639220615965 0.0 0.07783783783783783 0.0 0.09818993305231836 
    238.txt
        0.0 0.0 0.0 0.32067868504772 0.0 0.0 0.07403055229142186 0.0 0.0 0.0 0.09324699352451433 0.0 0.0 0.12040133779264213 0.08237986270022883 0.24529526281635303 0.0 0.0 0.0 0.0973913043478261 0.0 0.0 0.0 0.0 0.0 0.0 0.0 0.0 0.0 0.0 0.20869565217391303 0.0 0.12740141557128412 0.0 0.0 0.0 0.20103709613083365 
    235.txt
        0.0 0.0 0.0 0.11175166297117517 0.0 0.10047846889952154 0.0 0.0 0.0 0.2965578111209179 0.19497098646034816 0.0 0.0 0.0 0.0 0.11397557666214383 0.0 0.0 0.0 0.10181818181818184 0.0 0.0 0.0 0.18512396694214878 0.0 0.0 0.0 0.2854715378079864 0.0 0.0 0.18181818181818182 0.0 0.08879492600422832 0.0 0.0 0.0 0.0 
    206.txt
        0.0 0.0 0.0 0.04552845528455284 0.0 0.0 0.18918918918918917 0.0 0.0639269406392694 0.0 0.15886524822695033 0.0 0.0 0.10256410256410256 0.0 0.13930348258706468 0.0 0.0 0.0 0.12444444444444445 0.0 0.0 0.28865979381443296 0.11313131313131312 0.0 0.0 0.0 0.0 0.0 0.0 0.31111111111111106 0.0 0.0 0.0 0.0 0.0 0.0 
    227.txt
        0.0 0.0 0.15555555555555556 0.3824390243902439 0.0 0.0 0.0 0.3111111111111111 0.11506849315068493 0.05436893203883495 0.023829787234042554 0.0 0.0 0.12307692307692308 0.3368421052631579 0.041791044776119404 0.0 0.0 0.0 0.02488888888888889 0.0 0.19649122807017547 0.0 0.06787878787878789 0.0 0.0 0.0 0.05233644859813084 0.6054054054054054 0.0 0.02666666666666667 0.0 0.0 0.0 0.112 0.0 0.0 
    137.txt
        0.0 0.0 0.0 0.0655609756097561 0.0 0.04421052631578948 0.227027027027027 0.0 0.023013698630136987 0.0 0.24306382978723404 0.19384615384615383 0.0 0.0 0.0 0.0 0.03463917525773196 0.0 0.0 0.14933333333333335 0.0 0.0 0.1731958762886598 0.06109090909090909 0.0 0.0 0.0 0.0 0.0 0.0 0.256 0.22399999999999998 0.0 0.0 0.033600000000000005 0.0 0.0 
    71.txt
        0.0 0.0 0.0 0.09455909943714823 0.20621931260229134 0.12753036437246965 0.0 0.0 0.39831401475237094 0.0 0.5774140752864156 0.0 0.0 0.0 0.0 0.0 0.0 0.0 0.0 0.0 0.0 0.0 0.0 0.058741258741258746 0.0 0.0 0.0 0.0 0.0 0.0 0.0 0.0 0.0 0.0 0.09692307692307693 0.0 0.0 
    42.txt
        0.11475409836065574 0.0 0.4016393442622951 0.0 0.0 0.0 0.0 0.0 0.042443296653941164 0.0 0.04394837809557028 0.0 0.0 0.02269861286254729 0.8697152717860224 0.0 0.0 0.06885245901639345 0.0 0.04590163934426229 0.0 0.25366695427092323 0.0 0.012518628912071537 0.0 0.0 0.0 0.1544354220928451 0.0 0.0 0.26557377049180325 0.0 0.0 0.0 0.0 0.0 0.0 
    132.txt
        0.0 0.0 0.0 0.21378579003181336 0.0 0.0 0.07403055229142186 0.0 0.0 0.10637399746728576 0.18649398704902867 0.21070234113712372 0.0 0.0 0.0 0.49059052563270605 0.0 0.0 0.0 0.0973913043478261 0.0 0.0 0.11295383236216944 0.0 0.0 0.0 0.0 0.10239739943112555 0.0 0.0 0.0 0.2434782608695652 0.0 0.0 0.0 0.0 0.10051854806541682 
    229.txt
        0.525 0.0 0.08750000000000001 0.06146341463414634 0.06702127659574468 0.0 0.19155405405405404 0.0 0.06472602739726027 0.030582524271844658 0.20106382978723403 0.0 0.0 0.0 0.09473684210526316 0.023507462686567168 0.0 0.0 0.0 0.07 0.0 0.1105263157894737 0.16237113402061856 0.0 0.0 0.0 0.0 0.029439252336448597 0.0 0.0 0.27 0.0 0.0 0.0 0.063 0.0 0.1444954128440367 
    30.txt
        0.0 0.0 0.0 0.024585365853658538 0.0 0.0 0.0 0.0 0.03452054794520548 0.538252427184466 0.1286808510638298 0.0 0.0 0.055384615384615386 0.0 0.0 0.05195876288659794 0.0 0.0 0.06720000000000001 0.0 0.0 0.0 0.0 0.0 0.0 0.0 0.5181308411214953 0.0 0.0 0.264 0.0 0.0586046511627907 0.0 0.0 0.0 0.13871559633027522 
    203.txt
        0.0 0.0 0.0 0.10437183617119189 0.05058209554395825 0.0 0.08031616522182561 0.0 0.0 0.1846492031507602 0.13151344841429144 0.09143686502177067 0.0 0.026124818577648763 0.08937437934458789 0.017741481272880878 0.0 0.0 0.0 0.0739622641509434 0.0 0.0 0.12254425209103288 0.08644939965694683 0.0 0.0 0.0 0.17774642920119907 0.06425293217746048 0.0 0.37358490566037733 0.05283018867924528 0.0 0.0 0.0 0.0 0.0 
    24.txt
        0.0 0.0 0.0 0.06958122411412794 0.3034925732637495 0.18768619662363456 0.0 0.0 0.16283277332644094 0.04616230078769005 0.1416298675230831 0.0 0.0 0.0 0.0714995034756703 0.0 0.3921416066913052 0.0 0.0 0.06339622641509435 0.0 0.0 0.0 0.05763293310463122 0.0 0.0 0.0 0.04443660730029977 0.0 0.0 0.33962264150943394 0.0 0.0 0.0 0.0 0.0 0.0 
    245.txt
        0.0 0.0 0.0 0.08195121951219513 0.0 0.3315789473684211 0.0 0.0 0.057534246575342465 0.4893203883495145 0.07148936170212766 0.0 0.0 0.0 0.0 0.0 0.0 0.0 0.0 0.037333333333333336 0.0 0.0 0.0 0.10181818181818182 0.0 0.0 0.0 0.47102803738317756 0.0 0.0 0.08 0.0 0.4883720930232558 0.0 0.0 0.0 0.0 
    148.txt
        0.0 0.0 0.0 0.14461979913916786 0.0 0.0 0.35055643879173287 0.0 0.0 0.0 0.18923654568210263 0.1425339366515837 0.0 0.0 0.0 0.0 0.0 0.0 0.0 0.13176470588235295 0.0 0.0 0.5348696179502729 0.0 0.0 0.0 0.0 0.0 0.0 0.0 0.1411764705882353 0.16470588235294117 0.0 0.0 0.0 0.0 0.0 
    54.txt
        0.0 0.0 0.0 0.12157598499061913 0.0 0.14574898785425103 0.0 0.0 0.018967334035827187 0.4301717699775952 0.047135842880523734 0.0 0.0 0.09129332206255283 0.0 0.14466130884041334 0.028548770816812057 0.27692307692307694 0.0 0.06153846153846154 0.0 0.0 0.0 0.08391608391608392 0.0 0.0 0.0 0.4140905823148814 0.0 0.0 0.11868131868131868 0.0 0.25760286225402507 0.0 0.0 0.0 0.0 
    250.txt
        0.13725490196078433 0.0 0.0 0.06025824964131994 0.0 0.06501547987616099 0.033386327503974564 0.0 0.0169218372280419 0.33580810965162766 0.021026282853566957 0.0 0.0 0.027149321266968323 0.14860681114551083 0.1106233538191396 0.025469981807155852 0.0 0.0 0.05490196078431373 0.0 0.0 0.0 0.044919786096256686 0.0 0.0 0.1764705882352941 0.3232545354590434 0.0 0.0 0.19999999999999998 0.05490196078431372 0.20109439124487005 0.0 0.0 0.0 0.24932541824069077 
    127.txt
        0.0 0.0 0.0 0.27317073170731704 0.0 0.0 0.37837837837837834 0.0 0.0 0.0 0.11914893617021276 0.0 0.0 0.0 0.0 0.208955223880597 0.0 0.0 0.0 0.12444444444444445 0.0 0.0 0.0 0.0 0.0 0.0 0.0 0.0 0.0 0.0 0.13333333333333333 0.0 0.0 0.0 0.27999999999999997 0.0 0.0 
    244.txt
        0.0 0.0 0.0 0.13658536585365852 0.0 0.03349282296650718 0.0 0.0 0.052303860523038606 0.1729920564872021 0.10831721470019343 0.0 0.0 0.11188811188811189 0.05741626794258373 0.15196743554952513 0.0 0.0 0.0 0.1470707070707071 0.0 0.0 0.0 0.10798898071625344 0.0 0.0 0.0 0.1665250637213254 0.0 0.0 0.16969696969696968 0.0 0.08879492600422832 0.0 0.0 0.0 0.18682235195996666 
    22.txt
        0.0 0.0 0.0 0.07230989956958393 0.0 0.0 0.35055643879173287 0.0 0.0 0.0 0.12615769712140176 0.0 0.0 0.0 0.0 0.0 0.07640994542146756 0.0 0.0 0.06588235294117648 0.0 0.26006191950464397 0.4584596725288054 0.0 0.0 0.0 0.0 0.0 0.0 0.0 0.2823529411764706 0.0 0.0 0.0 0.14823529411764705 0.0 0.0 
    141.txt
        0.0 0.0 0.0 0.11524390243902438 0.0 0.0 0.26604729729729726 0.0 0.0 0.1529126213592233 0.20106382978723403 0.0 0.0 0.0 0.05921052631578947 0.0 0.0 0.0 0.0 0.14 0.0 0.0 0.0 0.0 0.0 0.0 0.0 0.14719626168224298 0.0 0.0 0.1875 0.0 0.36627906976744184 0.0 0.0 0.0 0.0 
    97.txt
        0.0 0.0 0.0 0.0 0.0 0.0 0.0 0.0 0.1726027397260274 0.0 0.857872340425532 0.0 0.0 0.0 0.0 0.0 0.0 0.0 0.0 0.0 0.0 0.0 0.0 0.0 0.0 0.0 0.0 0.0 0.0 0.0 0.12 0.0 0.0 0.0 0.0 0.0 0.0 
    246.txt
        0.0 0.0 0.0 0.09296987087517933 0.0 0.0 0.0 0.0 0.043513295729250605 0.6167904054825813 0.027033792240300374 0.0 0.0 0.046541693600517124 0.0 0.1106233538191396 0.0 0.0 0.0 0.05647058823529413 0.0 0.0 0.0 0.051336898395721926 0.0 0.0 0.0 0.593732820230896 0.0 0.0 0.1714285714285714 0.0 0.12311901504787962 0.0 0.042352941176470586 0.0 0.019427954668105773 
    168.txt
        0.0 0.0 0.30434782608695654 0.16033934252386 0.11655874190564293 0.07208237986270023 0.0 0.0 0.03752233472304943 0.15956099620092865 0.279740980573543 0.0 0.0 0.0 0.041189931350114416 0.0 0.0 0.0 0.0 0.14608695652173914 0.0 0.0 0.0 0.0 0.0 0.0 0.0 0.15359609914668831 0.0 0.0 0.10434782608695652 0.0 0.06370070778564206 0.0 0.21913043478260869 0.0 0.05025927403270841 
    185.txt
        0.0 0.0 0.0 0.055875831485587585 0.08123791102514508 0.0 0.12899262899262898 0.0 0.0 0.0 0.21121856866537717 0.0 0.0 0.0 0.0 0.0 0.0 0.0 0.0 0.2206060606060606 0.0 0.0 0.07872539831302719 0.11570247933884298 0.0 0.0 0.0 0.0 0.10319410319410319 0.0 0.39999999999999997 0.0 0.0 0.0 0.038181818181818185 0.0 0.0 
    208.txt
        0.0 0.0 0.0 0.032349165596919124 0.0 0.0 0.17923186344238973 0.0 0.04542177361211247 0.0 0.16931690929451287 0.0 0.0 0.145748987854251 0.0 0.09897879025923016 0.0683667932718394 0.0 0.0 0.08842105263157896 0.0 0.0 0.2734671730873576 0.12057416267942583 0.0 0.0 0.0 0.0 0.0 0.0 0.3157894736842105 0.0 0.0 0.0 0.0663157894736842 0.0 0.0 
    143.txt
        0.0 0.0 0.0 0.09603658536585366 0.0 0.05180921052631579 0.07981418918918919 0.0 0.0 0.0 0.2848404255319149 0.0 0.0 0.0 0.029605263157894735 0.0 0.04059278350515464 0.2625 0.0 0.17500000000000002 0.0 0.0 0.04059278350515464 0.0715909090909091 0.0 0.0 0.0 0.0 0.0 0.0 0.375 0.0 0.0 0.0 0.0 0.0 0.0 
    96.txt
        0.0 0.0 0.0 0.1875155022736668 0.0 0.11239964317573595 0.028859367842418687 0.0 0.0 0.1658713180845812 0.03635052289938694 0.0 0.0 0.0 0.35325602140945583 0.35061978244371367 0.0 0.1423728813559322 0.0 0.05694915254237289 0.0 0.0 0.0 0.05177195685670262 0.0 0.0 0.0 0.15967052114683983 0.0 0.0 0.020338983050847456 0.0 0.0 0.0 0.0 0.0 0.3134815736277406 
    157.txt
        0.0 0.0 0.0 0.01862527716186253 0.0 0.20095693779904308 0.025798525798525797 0.0 0.18306351183063513 0.037069726390114736 0.04874274661508704 0.0 0.0 0.0 0.11483253588516747 0.0 0.039362699156513595 0.0 0.0 0.0 0.0 0.1339712918660287 0.0 0.046280991735537194 0.0 0.0 0.0 0.0356839422259983 0.20638820638820637 0.0 0.4181818181818182 0.0 0.04439746300211416 0.0 0.34363636363636363 0.0 0.14011676396997497 
    170.txt
        0.0 0.0 0.0 0.056735459662288934 0.0 0.05101214574898786 0.0 0.0 0.026554267650158062 0.3387602688573562 0.14847790507364977 0.0 0.0 0.08520710059171598 0.11659919028340081 0.028932261768082668 0.0 0.0 0.0 0.08615384615384616 0.0 0.13603238866396763 0.0 0.093986013986014 0.0 0.0 0.0 0.3260963335729691 0.0 0.0 0.18461538461538463 0.0 0.13524150268336316 0.0 0.0 0.0 0.071136203246295 
    10.txt
        0.0 0.0 0.0 0.11524390243902438 0.0 0.0 0.26604729729729726 0.0 0.0 0.1529126213592233 0.20106382978723403 0.0 0.0 0.0 0.05921052631578947 0.0 0.0 0.0 0.0 0.14 0.0 0.0 0.0 0.0 0.0 0.0 0.0 0.14719626168224298 0.0 0.0 0.1875 0.0 0.36627906976744184 0.0 0.0 0.0 0.0 
    142.txt
        0.0 0.0 0.0 0.2169296987087518 0.0 0.0 0.0 0.0 0.0 0.2158766419189035 0.15769712140175218 0.0 0.0 0.16289592760180996 0.05572755417956656 0.0553116769095698 0.0 0.0 0.0 0.1647058823529412 0.0 0.13003095975232198 0.0 0.044919786096256686 0.0 0.0 0.0 0.20780648708081362 0.20031796502384736 0.0 0.1411764705882353 0.0 0.0 0.0 0.0 0.0 0.06799784133837021 
    205.txt
        0.0 0.0 0.0 0.05344644750795334 0.0 0.14416475972540047 0.14806110458284372 0.0 0.07504466944609886 0.0 0.18649398704902867 0.0 0.0 0.12040133779264213 0.0 0.08176508760545101 0.0 0.0 0.0 0.0973913043478261 0.0 0.0 0.11295383236216944 0.06640316205533597 0.0 0.0 0.0 0.0 0.0 0.0 0.41739130434782606 0.0 0.0 0.0 0.0 0.0 0.0 
    180.txt
        0.0 0.0 0.0 0.22350332594235034 0.0 0.0 0.1547911547911548 0.0 0.0 0.0 0.09748549323017408 0.4405594405594405 0.0 0.0 0.0 0.0 0.0 0.0 0.0 0.10181818181818184 0.0 0.0 0.23617619493908154 0.0 0.0 0.0 0.0 0.0 0.0 0.0 0.3272727272727272 0.509090909090909 0.0 0.0 0.0 0.0 0.0 
    189.txt
        0.5137614678899083 0.0 0.1926605504587156 0.056388453792794814 0.04918992777669335 0.0 0.15621125712868833 0.0 0.03167022747266558 0.0 0.27546359554948274 0.0 0.0 0.05081157374735357 0.104297440849831 0.05175955086950569 0.023834294902109147 0.0 0.0 0.051376146788990835 0.0 0.0811202317720908 0.09533717960843659 0.0420350291909925 0.0 0.0 0.0 0.0 0.0 0.0 0.25321100917431194 0.0 0.026882867505867294 0.0 0.023119266055045874 0.0 0.10605167915158657 
    77.txt
        0.0 0.0 0.0 0.4097560975609756 0.0 0.0 0.051597051597051594 0.0 0.0 0.14827890556045895 0.03249516441005803 0.0 0.0 0.0 0.11483253588516747 0.05698778833107192 0.15745079662605438 0.0 0.0 0.06787878787878789 0.0 0.0 0.0 0.13884297520661157 0.0 0.0 0.0 0.1427357689039932 0.0 0.0 0.03636363636363636 0.0 0.17758985200845664 0.0 0.0 0.0 0.21017514595496248 
    193.txt
        0.0 0.0 0.0 0.04390243902439024 0.0 0.0 0.1824324324324324 0.0 0.06164383561643835 0.0 0.19148936170212766 0.0 0.0 0.0989010989010989 0.0 0.13432835820895522 0.0 0.0 0.0 0.12000000000000001 0.0 0.0 0.27835051546391754 0.10909090909090909 0.0 0.0 0.0 0.0 0.0 0.0 0.3 0.0 0.0 0.0 0.0 0.0 0.0 
    62.txt
        0.0 0.0 0.0 0.06469833119383825 0.0 0.1745152354570637 0.17923186344238973 0.0 0.09084354722422494 0.25753704649974446 0.0 0.0 0.0 0.0 0.19944598337950137 0.0 0.0 0.0 0.0 0.05894736842105264 0.0 0.0 0.0 0.16076555023923444 0.0 0.0 0.0 0.2479094933595671 0.0 0.0 0.1263157894736842 0.29473684210526313 0.15422276621787023 0.0 0.0 0.0 0.12168034765813615 
    25.txt
        0.0 0.0 0.0 0.08477712363330529 0.18488628026412326 0.0 0.0 0.0 0.11903637222484648 0.0 0.03697725605282465 0.0 0.0 0.0 0.06533575317604355 0.19454451878538342 0.26875222182723074 0.0 0.0 0.0 0.0 0.0 0.0 0.10532915360501567 0.0 0.0 0.0 0.0 0.0 0.0 0.2482758620689655 0.0 0.2020850040096231 0.0 0.0 0.0 0.47832964251819043 
    224.txt
        0.0 0.0 0.0 0.0719252724442138 0.0 0.0 0.2988786658999425 0.0 0.02754299038181288 0.052055360462714306 0.07415119963784518 0.12888707037643207 0.0 0.029459901800327332 0.040313549832026875 0.040012702445220705 0.0 0.0 0.0 0.0774468085106383 0.0 0.04703247480403136 0.42838341741610003 0.06499032882011606 0.0 0.0 0.0 0.05010936567906144 0.0 0.0 0.2553191489361702 0.11914893617021276 0.0 0.0 0.04021276595744681 0.0 0.04918992777669334 
    29.txt
        0.0 0.0 0.0 0.05287175452399686 0.0 0.035653650254668934 0.0 0.0 0.05567830313742819 0.2893830253679925 0.08071379547014414 0.0 0.0 0.17866004962779156 0.02037351443123939 0.040442946557534915 0.0 0.0 0.0 0.10838709677419356 0.0 0.0 0.0 0.04926686217008798 0.0 0.0 0.0 0.27856496834489 0.0 0.0 0.3870967741935484 0.0 0.12603150787696923 0.0 0.0 0.0 0.024859425865640723 
    118.txt
        0.0 0.0 0.0 0.2048780487804878 0.0 0.0 0.0 0.0 0.0 0.6524271844660193 0.0 0.0 0.0 0.0 0.0 0.18805970149253734 0.0 0.0 0.0 0.11200000000000002 0.0 0.0 0.0 0.05090909090909091 0.0 0.0 0.0 0.6280373831775701 0.0 0.0 0.0 0.0 0.0 0.0 0.084 0.0 0.07706422018348623 
    200.txt
        0.0 0.0 0.0 0.012479881143989104 0.0 0.0 0.22472218411304706 0.0 0.00876156039218413 0.02483859839337637 0.092536991035749 0.12299882858258492 0.0 0.0 0.0 0.028638533222213807 0.0 0.0 0.0 0.0966497461928934 0.0 0.0 0.26375006541420276 0.05426857406552839 0.0 0.0 0.0 0.023910052659044542 0.03457264370969954 0.0 0.5360406091370559 0.08527918781725888 0.014874276944870734 0.0 0.012791878172588832 0.0 0.011735668048246634 
    2.txt
        0.0 0.0 0.0 0.08195121951219513 0.0 0.0 0.0 0.6222222222222222 0.038356164383561646 0.0 0.14297872340425533 0.0 0.0 0.0 0.042105263157894736 0.16716417910447762 0.0 0.18666666666666668 0.0 0.09955555555555556 0.0 0.09824561403508773 0.0 0.03393939393939394 0.0 0.0 0.0 0.0 0.0 0.0 0.5333333333333333 0.0 0.0 0.0 0.056 0.0 0.0 
    192.txt
        0.0 0.0 0.12727272727272726 0.16762749445676273 0.19497098646034816 0.03014354066985646 0.10835380835380834 0.0 0.01569115815691158 0.04448367166813768 0.214468085106383 0.04405594405594405 0.0 0.050349650349650346 0.01722488038277512 0.017096336499321574 0.16532333645735706 0.0 0.0 0.07127272727272727 0.0 0.0 0.07085285848172446 0.11107438016528925 0.0 0.0 0.0 0.04282073067119795 0.18574938574938574 0.0 0.14181818181818182 0.050909090909090904 0.026638477801268497 0.0 0.06872727272727272 0.0 0.06305254378648874 
    221.txt
        0.0 0.0 0.0 0.33525498891352545 0.08123791102514508 0.10047846889952154 0.025798525798525797 0.0 0.052303860523038606 0.0 0.09748549323017408 0.0 0.0 0.0 0.0 0.02849389416553596 0.039362699156513595 0.0 0.0 0.1696969696969697 0.0 0.06698564593301436 0.0 0.13884297520661157 0.0 0.0 0.0 0.0 0.0 0.0 0.01818181818181818 0.0 0.4439746300211416 0.0 0.19090909090909092 0.0 0.03502919099249374 
    230.txt
        0.0 0.0 0.0 0.0993348115299335 0.0 0.06698564593301436 0.1375921375921376 0.0 0.034869240348692404 0.0 0.20580270793036748 0.1958041958041958 0.0 0.055944055944055944 0.0 0.0 0.02624179943767573 0.08484848484848485 0.0 0.09050505050505052 0.0 0.0 0.10496719775070291 0.015426997245179066 0.0 0.0 0.0 0.0 0.0 0.0 0.36363636363636365 0.22626262626262628 0.0 0.0 0.12727272727272726 0.0 0.0 
    129.txt
        0.0 0.0 0.0 0.04552845528455284 0.0 0.0 0.18918918918918917 0.0 0.0639269406392694 0.0 0.15886524822695033 0.0 0.0 0.10256410256410256 0.0 0.13930348258706468 0.0 0.0 0.0 0.12444444444444445 0.0 0.0 0.28865979381443296 0.11313131313131312 0.0 0.0 0.0 0.0 0.0 0.0 0.31111111111111106 0.0 0.0 0.0 0.0 0.0 0.0 
    215.txt
        0.0 0.0 0.0 0.10689289501590668 0.0 0.0 0.07403055229142186 0.0 0.0 0.0 0.3263644773358002 0.0 0.0 0.0 0.08237986270022883 0.0 0.22590766472433887 0.0 0.0 0.0973913043478261 0.0 0.0 0.0 0.13280632411067195 0.0 0.0 0.0 0.0 0.0 0.0 0.31304347826086953 0.0 0.0 0.0 0.0 0.0 0.0 
    125.txt
        0.509090909090909 0.0 0.1909090909090909 0.055875831485587585 0.04874274661508704 0.0 0.1547911547911548 0.0 0.03138231631382316 0.0 0.2729593810444874 0.0 0.0 0.050349650349650346 0.1033492822966507 0.05128900949796472 0.023617619493908153 0.0 0.0 0.05090909090909092 0.0 0.08038277511961722 0.09447047797563261 0.04165289256198347 0.0 0.0 0.0 0.0 0.06191646191646191 0.0 0.25090909090909086 0.0 0.026638477801268497 0.0 0.022909090909090907 0.0 0.10508757297748124 
    0.txt
        0.0 0.0 0.04794520547945205 0.10945539592382224 0.07344797435150102 0.022710886806056235 0.023324694557571267 0.0 0.03546631638206042 0.18433302300837875 0.19830953074905275 0.0 0.0 0.09483667017913593 0.05191059841384282 0.07728480883254958 0.053382290636915686 0.0 0.0 0.1073972602739726 0.0 0.030281182408074984 0.0 0.13599003735990037 0.0 0.0 0.0 0.1774420688772244 0.046649389115142534 0.0 0.19726027397260273 0.0 0.020070086014654348 0.0 0.034520547945205475 0.0 0.015835113736332788 
    239.txt
        0.0 0.0 0.0 0.11175166297117517 0.0 0.1507177033492823 0.0 0.0 0.01961394769613948 0.41703442188879075 0.04874274661508704 0.0 0.0 0.0944055944055944 0.0 0.14959294436906379 0.029522024367385193 0.2863636363636364 0.0 0.06363636363636364 0.0 0.0 0.0 0.08677685950413223 0.0 0.0 0.0 0.4014443500424808 0.0 0.0 0.12272727272727273 0.0 0.266384778012685 0.0 0.0 0.0 0.0 
    3.txt
        0.0 0.0 0.0 0.03414634146341463 0.0 0.0 0.18918918918918917 0.0 0.04794520547945205 0.0 0.14893617021276595 0.0 0.0 0.15384615384615383 0.0 0.1044776119402985 0.07216494845360824 0.0 0.0 0.09333333333333334 0.0 0.0 0.28865979381443296 0.12727272727272726 0.0 0.0 0.0 0.0 0.0 0.0 0.3 0.0 0.0 0.0 0.06999999999999999 0.0 0.0 
    95.txt
        0.0 0.0 0.0 0.0 0.0 0.2763157894736842 0.0 0.0 0.0 0.20388349514563103 0.2680851063829787 0.0 0.0 0.0 0.0 0.0 0.21649484536082475 0.0 0.0 0.28 0.0 0.0 0.0 0.0 0.0 0.0 0.0 0.19626168224299062 0.0 0.0 0.09999999999999999 0.0 0.2441860465116279 0.0 0.0 0.0 0.0 
    16.txt
        0.0 0.0 0.0 0.0 0.0 0.0 0.42567567567567566 0.0 0.0 0.0 0.0 0.4846153846153846 0.0 0.0 0.0 0.0 0.0 0.0 0.0 0.11200000000000002 0.0 0.0 0.2597938144329897 0.0 0.0 0.0 0.0 0.0 0.0 0.0 0.42 0.5599999999999999 0.0 0.0 0.0 0.0 0.0 
    120.txt
        0.0 0.0 0.0 0.07126193001060445 0.0 0.0 0.0 0.0 0.07504466944609886 0.0 0.0 0.0 0.0 0.0 0.4668192219679634 0.0 0.22590766472433887 0.0 0.0 0.0 0.0 0.0 0.0 0.0 0.0 0.0 0.0 0.0 0.0 0.0 0.10434782608695652 0.0 0.0 0.0 0.32869565217391306 0.0 0.8041483845233346 
    135.txt
        0.0 0.0 0.0 0.11175166297117517 0.0 0.0 0.0 0.0 0.0 0.0 0.43868471953578336 0.0 0.0 0.1258741258741259 0.25837320574162675 0.0 0.0 0.0 0.0 0.15272727272727274 0.0 0.0 0.0 0.20826446280991734 0.0 0.0 0.0 0.0 0.3095823095823096 0.0 0.0 0.0 0.0 0.0 0.0 0.0 0.0 
    178.txt
        0.21875 0.0 0.21875 0.09603658536585366 0.0 0.0 0.42567567567567566 0.0 0.05393835616438356 0.0 0.06702127659574468 0.0 0.0 0.04326923076923077 0.0 0.029384328358208957 0.0 0.0 0.0 0.07 0.0 0.06907894736842106 0.6494845360824743 0.11931818181818182 0.0 0.0 0.0 0.0 0.0 0.0 0.09375 0.0 0.0 0.0 0.0 0.0 0.03612385321100917 
    78.txt
        0.0 0.0 0.0 0.10689289501590668 0.0 0.0 0.0 0.0 0.0 0.42549598986914305 0.09324699352451433 0.0 0.0 0.0 0.0 0.08176508760545101 0.0 0.0 0.0 0.0973913043478261 0.0 0.0 0.0 0.2656126482213439 0.0 0.0 0.0 0.4095895977245022 0.0 0.0 0.10434782608695652 0.0 0.25480283114256824 0.0 0.0 0.0 0.0 
    99.txt
        0.0 0.0 0.0 0.0 0.0 0.0 0.04256756756756757 0.0 0.0 0.12233009708737863 0.4557446808510638 0.0 0.0 0.0 0.0 0.0 0.06494845360824743 0.0 0.0 0.11200000000000002 0.0 0.0 0.0 0.0 0.0 0.0 0.45 0.11775700934579439 0.0 0.0 0.33 0.0 0.0 0.0 0.0 0.0 0.05779816513761468 
    93.txt
        0.0 0.0 0.10144927536231885 0.08907741251325557 0.0 0.14416475972540047 0.12338425381903642 0.0 0.07504466944609886 0.0 0.04662349676225717 0.0 0.0 0.0 0.43935926773455375 0.08176508760545101 0.07530255490811295 0.0 0.0 0.016231884057971015 0.0 0.06407322654462243 0.0 0.06640316205533597 0.0 0.0 0.0 0.0 0.0 0.0 0.1391304347826087 0.0 0.0 0.0 0.1826086956521739 0.0 0.3350618268847228 
    52.txt
        0.0 0.0 0.0 0.3073170731707317 0.0 0.07535885167464115 0.0773955773955774 0.3181818181818182 0.11768368617683686 0.1668137687555163 0.09748549323017408 0.0 0.0 0.0 0.12918660287081338 0.08548168249660788 0.11808809746954077 0.0 0.0 0.07636363636363637 0.0 0.0 0.0 0.0 0.0 0.0 0.0 0.16057774001699232 0.0 0.0 0.05454545454545454 0.0 0.06659619450317125 0.0 0.0 0.0 0.15763135946622184 
    214.txt
        0.0 0.0 0.0 0.07394094993581514 0.0 0.07479224376731301 0.08961593172119486 0.0 0.10382119682768565 0.07358201328564128 0.4111982082866741 0.03643724696356275 0.0 0.020821283979178713 0.05698456667985753 0.0 0.019533369506239826 0.0 0.0 0.05894736842105264 0.0 0.0664819944598338 0.019533369506239826 0.03444976076555024 0.0 0.25263157894736843 0.13533834586466165 0.07083128381701917 0.0 0.0 0.21654135338345862 0.04210526315789473 0.0 0.0 0.0 0.0 0.0 
    4.txt
        0.0 0.0 0.0 0.1505226480836237 0.0 0.0 0.17374517374517373 0.0 0.0 0.0 0.17507598784194528 0.09890109890109888 0.0 0.11302982731554159 0.0 0.0 0.053019145802650956 0.0 0.0 0.09142857142857143 0.0 0.0 0.2650957290132548 0.15584415584415584 0.0 0.0 0.0 0.0 0.0 0.0 0.22040816326530613 0.11428571428571427 0.0 0.0 0.10285714285714286 0.0 0.0 
    1.txt
        0.0 0.0 0.0 0.05403377110694184 0.0 0.0 0.24324324324324323 0.15384615384615385 0.13277133825079032 0.0268857356235997 0.2474631751227496 0.05325443786982249 0.0 0.0 0.020821283979178717 0.0 0.028548770816812057 0.0 0.0 0.04923076923076924 0.0 0.0 0.0 0.03356643356643357 0.0 0.0 0.0 0.025880661394680086 0.0 0.0 0.421978021978022 0.0 0.0 0.0 0.0 0.0 0.05081157374735357 
    5.txt
        0.0 0.0 0.0 0.1024390243902439 0.0 0.0 0.454054054054054 0.0 0.057534246575342465 0.0 0.07148936170212766 0.0 0.0 0.04615384615384615 0.0 0.03134328358208956 0.0 0.0 0.0 0.07466666666666667 0.0 0.0 0.6927835051546392 0.12727272727272726 0.0 0.0 0.0 0.0 0.0 0.0 0.09999999999999999 0.0 0.0 0.0 0.0 0.0 0.038532110091743114 
    74.txt
        0.0 0.0 0.0 0.0 0.0 0.0 0.0 0.0 0.0 0.11120917917034422 0.1218568665377176 0.0 0.0 0.0 0.0 0.0 0.0 0.0 0.0 0.1272727272727273 0.0 0.0 0.0 0.13884297520661157 0.0 0.0 0.0 0.4282073067119796 0.0 0.0 0.5181818181818182 0.0 0.0 0.0 0.0 0.0 0.05254378648874062 
2:
    111.txt
        0.0 0.0 0.0 0.0 0.0 0.0 0.0 0.0 0.038356164383561646 0.0 0.7387234042553191 0.0 0.0 0.0 0.0 0.08358208955223881 0.0 0.0 0.0 0.09955555555555556 0.0 0.0 0.0 0.0 0.0 2.6133333333333333 0.0 0.0 0.0 0.0 0.0 0.0 0.0 0.0 0.0 0.0 0.0 
    61.txt
        0.0 0.0 0.0 0.0 0.23311748381128586 0.0 0.0 0.0 0.2251340083382966 0.0 0.559481961147086 0.0 0.0 0.0 0.08237986270022883 0.08176508760545101 0.0 0.0 0.0 0.04869565217391305 0.0 0.0 0.0 0.0 0.0 2.9217391304347826 0.0 0.0 0.0 0.0 0.0 0.0 0.0 0.0 0.0 0.0 0.0 
