used:16 ms
0:
    92.txt
        0.0 0.0 0.0 0.0 0.0 0.0 0.03440318472883585 0.0 0.0 0.0 0.0 0.0 0.0 0.017460893341816084 0.0 0.0 0.0 0.0 0.0 0.07955984241733671 0.03182788422483085 0.018888114217833877 0.0 0.0 0.0 0.0 0.0 0.0 0.0 0.0 0.0 0.04558038919848865 0.0 0.0 0.0 0.0 0.0 0.0 0.0 0.0 
    44.txt
        0.0 0.0 0.0 0.0 0.0 0.0 0.06020557327546274 0.08870280229121803 0.0 0.0 0.0 0.0 0.11183751241022344 0.005820297780605361 0.0 0.0 0.0 0.0 0.0 0.11933976362600507 0.0 0.009444057108916938 0.0 0.0 0.0 0.0 0.0 0.0 0.10707503163118963 0.0 0.0 0.0 0.0 0.0 0.0 0.0 0.0 0.0 0.0 0.0 
    11.txt
        0.0 0.0 0.0 0.0 0.0 0.0 0.010320955418650756 0.0 0.0 0.0 0.0 0.0 0.0 0.0419061440203586 0.0 0.0 0.03195399796448348 0.0 0.0 0.0 0.0 0.005666434265350163 0.0 0.0 0.0 0.0 0.0 0.0 0.0 0.0 0.0 0.03646431135879092 0.0 0.0 0.0 0.0 0.0 0.0 0.04190406026411398 0.0 
    152.txt
        0.0 0.0 0.0 0.0 0.13936122790636382 0.0 0.03370107891804328 0.010861567627496085 0.0 0.0 0.011139233995981365 0.0 0.0 0.002850758096623034 0.0 0.041574268612023395 0.06521224074384384 0.051558309188613226 0.0 0.019484043040980416 0.023383751675385932 0.0023128303123878214 0.030334241217895373 0.019484043040980416 0.0 0.0 0.0 0.11745986784901216 0.0 0.0 0.0 0.014883392391343231 0.0 0.0 0.0 0.0 0.0377248531234013 0.0 0.017103698066985296 0.0 
    49.txt
        0.0 0.0 0.0 0.0 0.0 0.0 0.0 0.0 0.0 0.0 0.0 0.0 0.0 0.021826116677270104 0.0 0.0 0.039942497455604346 0.0 0.0 0.11933976362600507 0.0 0.021249128495063115 0.0 0.0 0.0 0.0 0.0 0.0 0.0 0.0 0.0 0.05697548649811081 0.0 0.0 0.0 0.0 0.0 0.0 0.0 0.0 
    144.txt
        0.0 0.0 0.0 0.0 0.010253303554672414 0.0 0.0223155792835692 0.035960595523466775 0.0 0.0 0.014751958535218566 0.0 0.012090541882186319 0.004719160362652996 0.0 0.06882226898611982 0.017272431332153233 0.05120994223463611 0.05598830711339909 0.0 0.030967671137673264 0.006125874881459636 0.0 0.051606384270704894 0.0 0.0 0.0 0.05185165337478916 0.011575679095263745 0.03580368832757993 0.0 0.03695707232309891 0.0 0.0 0.0 0.0 0.012489985155720702 0.0 0.03397626507901134 0.0 
    65.txt
        0.0 0.0 0.0 0.0 0.0 0.0 0.0688063694576717 0.0 0.0 0.0 0.0 0.0 0.0 0.023281191122421444 0.0 0.0 0.0 0.0 0.0 0.0 0.0 0.0 0.0 0.0 0.0 0.0 0.0 0.0 0.0 0.0 0.0 0.0 0.0 0.0 0.0 0.0 0.3080863005077773 0.0 0.0 0.0 
    209.txt
        0.0 0.0 0.0 0.0 0.07438671206330967 0.0 0.0161897339900404 0.010435623798966828 0.0 0.0 0.010702401290256605 0.0 0.0 0.02191170929169077 0.0 0.0 0.05012391837566035 0.012384103677657098 0.0 0.03743992584345257 0.007488913935254318 0.019999179760059403 0.0 0.018719962921726285 0.07328763957418369 0.0 0.0 0.03761786617386664 0.0 0.0 0.0 0.0 0.0 0.0 0.04216007024540845 0.0 0.018122723559281018 0.0 0.01643296480945646 0.0 
    107.txt
        0.0 0.0 0.0 0.0 0.04742152894035991 0.0 0.008600796182208962 0.0 0.0 0.0 0.06822780822538586 0.0 0.07455834160681563 0.0029101488903026805 0.0 0.0 0.0 0.0 0.0 0.0 0.015913942112415425 0.004722028554458469 0.0 0.0 0.0 0.0 0.0 0.0 0.10707503163118963 0.0 0.0 0.04558038919848865 0.0 0.0 0.20157783586085917 0.0 0.0 0.0 0.0 0.0 
    122.txt
        0.0 0.0 0.0 0.0 0.038909972463885056 0.0 0.021171190602360522 0.0 0.0 0.0 0.0 0.0 0.045882056373425 0.0179086085557088 0.0 0.07835150623035178 0.03277333124562408 0.04858379135080862 0.0 0.04895990302605336 0.0195863902922036 0.00871759117746179 0.0 0.0 0.0 0.0 0.0 0.0 0.04392821810510344 0.033967601746678386 0.0 0.0046749117126655025 0.0 0.0 0.02756619977584399 0.0 0.023698946192905947 0.0 0.0 0.0 
    210.txt
        0.0 0.0 0.0 0.0 0.0 0.0 0.02948844405328787 0.01900774334811815 0.0 0.0 0.0 0.05636376317607128 0.03195357497434955 0.009977653338180618 0.0 0.0 0.0 0.1353405616201097 0.0 0.0 0.013640521810641794 0.008094906093357376 0.0 0.034097075321715735 0.0 0.0 0.0 0.0 0.030592866180339892 0.18924806687435103 0.0 0.0 0.0 0.061527378490753695 0.0 0.0 0.0 0.0 0.02993147161722427 0.0 
    121.txt
        0.0 0.0 0.0 0.0 0.02810164677947254 0.0 0.03058060864785409 0.019711733842492897 0.0 0.0 0.0 0.0 0.0 0.005173598027204765 0.0 0.0377247992960953 0.023669628121839613 0.07017658750672355 0.0 0.0 0.056582905288588184 0.00839471743014839 0.0 0.0 0.0 0.0 0.0 0.0 0.0 0.04906431363409101 0.0 0.02701060100651179 0.0 0.0 0.03981784412066354 0.0 0.0 0.0 0.06208008928016885 0.0 
    8.txt
        0.0 0.0 0.0 0.0 0.0 0.0 0.009073367401011653 0.0 0.0 0.0 0.04198634352331438 0.0 0.137646169120275 0.0030700471809786524 0.0 0.0671584339117301 0.021068570086472622 0.013881083243088177 0.0 0.0 0.008394167268087258 0.0037361105046264816 0.0 0.0 0.0 0.0 0.0 0.0 0.1317846543153103 0.11646034884575449 0.0 0.01803180232028122 0.0 0.0 0.11814085618218853 0.0 0.0507834561276556 0.0 0.0 0.0 
    139.txt
        0.06137342627012229 0.0 0.0 0.0 0.0 0.0 0.009600888761535586 0.0 0.0 0.0 0.012693545716350858 0.0 0.0 0.012994153184607319 0.0 0.0473753293485848 0.014862324634643478 0.014688122966523534 0.0 0.0 0.0 0.007906652463279297 0.0 0.0 0.0 0.06721794785805034 0.0 0.0 0.0 0.0 0.0 0.09328079649923258 0.0 0.0 0.0 0.0 0.021494393058682136 0.0 0.0 0.0 
    23.txt
        0.0 0.0 0.0 0.0 0.0 0.0 0.0242846009850606 0.0 0.0 0.0 0.0 0.0 0.1578882528144331 0.01232533647657606 0.0 0.0 0.037592938781745265 0.0 0.0 0.056159888765178856 0.0 0.006666393253353133 0.0 0.0 0.0 0.0 0.0 0.0 0.15116475053815007 0.0 0.0 0.021449594916935835 0.0 0.0 0.0 0.0 0.0 0.0 0.0 0.26063628228490077 
    213.txt
        0.0 0.0 0.0 0.0 0.012645741050762643 0.0 0.03325641190454132 0.047308161221982954 0.0 0.0 0.012129388128957487 0.03507078597622213 0.024852780535605207 0.003880198520403574 0.0 0.005658719894414296 0.014201776873103767 0.042105952504034136 0.0 0.0371279264614238 0.042437178966441134 0.006925641879872422 0.0 0.01591196848346734 0.0 0.0 0.0 0.0 0.023794451473597693 0.014719294090227302 0.0 0.024309540905860613 0.0 0.03828370217202452 0.053754089562895783 0.0 0.015404315025388865 0.0 0.01862402678405066 0.0 
    217.txt
        0.0 0.08281671496642232 0.0 0.0 0.04808943779867484 0.0 0.023258491084283392 0.007496011461229694 0.0 0.0 0.03075056145369504 0.0 0.025202819698078523 9.83712300947385E-4 0.0 0.0 0.013501689280767667 0.05782155449497645 0.0 0.020170100894536067 0.03496584464136347 0.0015961786662958208 0.010467449434344179 0.0 0.0 0.0 0.0 0.0 0.042226773037652245 0.03731652022874527 0.0 0.05007423038707204 0.0 0.0 0.022712995589955962 0.0 0.0 0.0 0.05901980318889293 0.0 
    150.txt
        0.0 0.0 0.0 0.0 0.011324544224563561 0.0 0.006161764429045227 0.01588706906708383 0.0 0.0 0.008146603967210252 0.0 0.013353732825101305 0.01667906229666014 0.0 0.015202531059620494 0.0 0.0 0.0 0.028499048030090762 0.0 0.025372093725448495 0.0 0.028499048030090762 0.0 0.0 0.0 0.0 0.012785078403724134 0.0 0.0 0.06258799710837247 0.0 0.0 0.0 0.0 0.0 0.0 0.0 0.0 
    149.txt
        0.0 0.0 0.0 0.0 0.03228699842747909 0.0 0.004391895922830108 0.01132376199462358 0.0 0.0 0.08129270767280017 0.0 0.019036172325144415 0.01337430128309317 0.0 0.0 0.013597445942333395 0.0 0.0 0.0 0.02437880493816831 0.02170123761197935 0.0 0.020313151255490224 0.0 0.0 0.0 0.0 0.018225537298925894 0.0 0.0 0.027154274416120894 0.0 0.0 0.04574816133012407 0.0 0.03933016602226944 0.0 0.0 0.0 
    136.txt
        0.0 0.0 0.0 0.0 0.006655653184611917 0.0 0.014485551464772988 0.02334284270821527 0.0 0.0 0.0 0.013843731306403472 0.06278597187942368 0.015316573106856213 0.0 0.008934820885917308 0.028029822775862696 0.0055402569084255435 0.0 0.0 0.0067006072052275475 0.00695877892235985 0.026076803853980233 0.04187360127228248 0.0 0.0 0.0 0.01682904539357192 0.06011229845961523 0.011620495334389976 0.0 0.05117798085444339 0.0 0.015111987699483364 0.0 0.0 0.0 0.0 0.0 0.0 
    138.txt
        0.0 0.0 0.0 0.0 0.06897676936779625 0.0 0.015012298790764735 0.00967666934086015 0.0 0.0 0.009924044832783398 0.0 0.0 0.022857896738377417 0.0 0.0 0.04647854249379415 0.011483441592009308 0.0 0.03471702214574693 0.006944265649054004 0.02060521551036423 0.0 0.017358511072873464 0.06795762942333397 0.0 0.0 0.034882021361221795 0.0 0.0 0.0 0.0 0.0 0.0 0.05864082497770448 0.0 0.016804707300424215 0.0 0.015237840096041446 0.0 
    212.txt
        0.0 0.0 0.0 0.0 0.01354900826867426 0.0 0.022116333039965904 0.047519358370295375 0.0 0.0 0.01949365949296739 0.0 0.0639071499486991 0.0012472066672725773 0.0 0.018188742517760235 0.0 0.03383514040502743 0.0 0.0511456129825736 0.040921565431925384 0.004047453046678688 0.0 0.0 0.0 0.0 0.0 0.0 0.061185732360679784 0.04731201671858776 0.0 0.03255742085606332 0.0 0.0 0.0 0.0 0.0 0.0 0.0897944148516728 0.0 
    202.txt
        0.0 0.0 0.0 0.0 0.0 0.0 0.009073367401011653 0.0 0.0 0.0 0.04198634352331438 0.0 0.137646169120275 0.0030700471809786524 0.0 0.0671584339117301 0.021068570086472622 0.013881083243088177 0.0 0.0 0.008394167268087258 0.0037361105046264816 0.0 0.0 0.0 0.0 0.0 0.0 0.1317846543153103 0.11646034884575449 0.0 0.01803180232028122 0.0 0.0 0.11814085618218853 0.0 0.0507834561276556 0.0 0.0 0.0 
    172.txt
        0.0 0.0 0.0 0.0 0.0 0.0 0.005432081799289871 0.014005705624929162 0.0 0.0 0.057454996400324934 0.02076559695960521 0.0 0.018379887728227455 0.0 0.013402231328875962 0.033635787331035234 0.0 0.0 0.012562080381684743 0.005025455403920661 0.008947001471605522 0.0 0.012562080381684743 0.0 0.0 0.0 0.0 0.0 0.0 0.0 0.06477213201890492 0.0 0.0 0.014145813042867309 0.0 0.012161301335833314 0.0 0.0 0.0 
    184.txt
        0.0 0.0 0.0 0.0 0.038909972463885056 0.0 0.021171190602360522 0.0 0.0 0.0 0.0 0.0 0.045882056373425 0.0179086085557088 0.0 0.07835150623035178 0.03277333124562408 0.04858379135080862 0.0 0.04895990302605336 0.0195863902922036 0.00871759117746179 0.0 0.0 0.0 0.0 0.0 0.0 0.04392821810510344 0.033967601746678386 0.0 0.0046749117126655025 0.0 0.0 0.02756619977584399 0.0 0.023698946192905947 0.0 0.0 0.0 
    153.txt
        0.0 0.0 0.0 0.0 0.0446320272379858 0.0 0.009106725369397725 0.0 0.0 0.0 0.0 0.0 0.14473089841323034 0.00616266823828803 0.0 0.014978964426390781 0.018796469390872633 0.018576155516485646 0.0 0.0 0.016850056354322216 0.0016665983133382833 0.0 0.0 0.0 0.0 0.0 0.0 0.13856768799330424 0.0 0.0 0.06166758538619053 0.0 0.0 0.01581002634202817 0.0 0.0 0.0 0.0 0.0 
    166.txt
        0.0 0.0 0.0 0.0 0.0 0.0 0.041283821674603025 0.10644336274946165 0.0 0.0 0.0 0.0 0.0 0.0 0.0 0.4074278323978293 0.0 0.06315892875605121 0.0 0.0 0.0 0.0 0.0 0.0 0.0 0.0 0.0 0.0 0.0 0.0 0.0 0.0 0.0 0.0 0.0 0.0 0.0924258901523332 0.0 0.0 0.0 
    173.txt
        0.0 0.0 0.0 0.0 0.030349778521830344 0.0 0.008256764334920605 0.0 0.0 0.0 0.04366579726424696 0.0 0.0 0.005587485869381147 0.0 0.0 0.0 0.025263571502420482 0.0 0.0 0.01527738442791881 0.0045331474122801306 0.0 0.0 0.0 0.0 0.0 0.0 0.0 0.0 0.0 0.11668579634813094 0.0 0.0 0.0 0.0 0.0 0.0 0.0 0.0 
    26.txt
        0.0 0.0 0.0 0.0 0.009141499554768177 0.0 0.012434886046567175 0.03206125384019929 0.0 0.06359174288229538 0.039457045720705075 0.0 0.0 0.005890421850251209 0.0 0.0 0.030799034182634678 0.0 0.0 0.14953416165186179 0.009203243631276392 0.0 0.0 0.0 0.0 0.0 0.0 0.0 0.0 0.01596068033880069 0.0 0.07907922945279959 0.0 0.0 0.0 0.0 0.011135649415943758 0.0 0.0 0.0 
    31.txt
        0.0 0.0 0.0 0.0 0.0 0.1622380392492815 0.0 0.0 0.0 0.0 0.0 0.0 0.2556285997947964 0.009977653338180618 0.0 0.0 0.0 0.0 0.0 0.0 0.0 0.016189812186714753 0.0 0.0 0.0 0.0 0.0 0.0 0.24474292944271914 0.0 0.0 0.0 0.0 0.0 0.0 0.0 0.0 0.0 0.05986294323444854 0.0 
    91.txt
        0.0 0.0 0.0 0.0 0.06694804085697871 0.0 0.0242846009850606 0.015653435698450242 0.0 0.0 0.0 0.0 0.05262941760481103 0.0020542227460960097 0.0 0.11983171541112625 0.07518587756349053 0.03715231103297129 0.0 0.0 0.022466741805762955 0.0033331966266765666 0.0 0.0 0.0 0.0 0.0 0.0 0.05038825017938335 0.03896283729766051 0.0 0.03753679110463771 0.0 0.0 0.0 0.0 0.0 0.0 0.0 0.0 
    220.txt
        0.0 0.0 0.0 0.0 0.03228699842747909 0.0 0.004391895922830108 0.01132376199462358 0.0 0.0 0.08129270767280017 0.0 0.019036172325144415 0.01337430128309317 0.0 0.0 0.013597445942333395 0.0 0.0 0.0 0.02437880493816831 0.02170123761197935 0.0 0.020313151255490224 0.0 0.0 0.0 0.0 0.018225537298925894 0.0 0.0 0.027154274416120894 0.0 0.0 0.04574816133012407 0.0 0.03933016602226944 0.0 0.0 0.0 
    68.txt
        0.0 0.0 0.0 0.0 0.1115800680949645 0.0 0.030355751231325754 0.06261374279380097 0.0 0.0 0.0 0.0 0.0 0.016433781968768078 0.0 0.0 0.018796469390872633 0.0 0.0 0.0 0.06740022541728886 0.016665983133382835 0.0 0.0 0.0 0.0 0.0 0.0 0.0 0.0 0.0 0.0 0.0 0.0 0.0 0.0 0.0 0.0 0.0 0.0 
    218.txt
        0.0 0.0 0.0 0.0 0.02709801653734852 0.0 0.02948844405328787 0.0 0.0 0.0 0.0 0.0 0.11183751241022344 0.008730446670908042 0.0 0.0 0.02282428426034534 0.0 0.0 0.0 0.013640521810641794 0.012142359140036064 0.02654246106565845 0.0 0.0 0.0 0.0 0.0 0.10707503163118963 0.02365600835929388 0.0 0.035813162941669655 0.0 0.0 0.0 0.0 0.0 0.0 0.02993147161722427 0.0 
    236.txt
        0.0 0.0 0.0 0.0 0.0 0.0 0.002517306199670916 0.0 0.0 0.0 0.15975291682041567 0.0 0.0 0.013628014315563774 0.0 0.0 0.0 0.0 0.0 0.0 0.027946434929119773 0.0027641142757805675 0.0 0.0 0.0 0.0 0.0 0.07018943322684873 0.020892689098768708 0.0 0.0 0.06003270772483871 0.0 0.0 0.0131107535519258 0.0 0.0 0.0 0.0 0.0 
    90.txt
        0.0 0.0 0.0 0.0 0.0 0.0 0.035898975369220015 0.0 0.0 0.0 0.0 0.0 0.15560001726639783 0.012146708411698145 0.0 0.0 0.02778608518650737 0.0 0.0 0.0 0.0 0.019709336575131003 0.0 0.0 0.0 0.0 0.0 0.0 0.1489739570520899 0.0 0.0 0.007927024208432809 0.0 0.0 0.04674268657643111 0.0 0.0 0.0 0.0 0.0 
    98.txt
        0.0 0.0 0.0 0.0 0.0 0.0 0.032592490795739226 0.08403423374957499 0.0 0.0 0.0 0.0 0.0 0.003675977545645491 0.0 0.0 0.0 0.16620770725276632 0.0 0.10049664305347794 0.020101821615682643 0.005964667647737014 0.0 0.0 0.0 0.0 0.0 0.0 0.0 0.0 0.0 0.009595871410208135 0.0 0.0 0.0 0.0 0.0 0.0 0.08821907424023995 0.0 
    72.txt
        0.0 0.0 0.0 0.0 0.05579003404748225 0.0 0.01821345073879545 0.007826717849225121 0.0 0.0 0.008026800967692455 0.0 0.0657867720060138 0.003081334119144015 0.0 0.059915857705563125 0.037592938781745265 0.018576155516485646 0.0 0.0 0.022466741805762955 0.004999794940014851 0.0 0.0 0.0 0.0 0.0 0.0 0.06298531272422919 0.019481418648830254 0.0 0.03217439237540375 0.0 0.0 0.18972031610433807 0.0 0.0 0.0 0.0 0.0 
    6.txt
        0.0 0.0 0.0 0.0 0.0 0.0 0.02948844405328787 0.01900774334811815 0.0 0.0 0.0 0.05636376317607128 0.03195357497434955 0.009977653338180618 0.0 0.0 0.0 0.1353405616201097 0.0 0.0 0.013640521810641794 0.008094906093357376 0.0 0.034097075321715735 0.0 0.0 0.0 0.0 0.030592866180339892 0.18924806687435103 0.0 0.0 0.0 0.061527378490753695 0.0 0.0 0.0 0.0 0.02993147161722427 0.0 
    7.txt
        0.0 0.0 0.0 0.0 0.007438671206330966 0.0 0.01821345073879545 0.02608905949741707 0.0 0.0 0.0 0.030944811155490113 0.07017255680641471 0.008901631899749376 0.0 0.009985976284260522 0.031327448984787724 0.006192051838828549 0.0 0.0 0.007488913935254318 0.007777458795578656 0.0 0.04679990730431571 0.0 0.0 0.0 0.01880893308693332 0.06718433357251113 0.012987612432553503 0.0 0.05719891977849556 0.0 0.016889868605304937 0.0 0.0 0.0 0.0 0.0 0.0 
    28.txt
        0.0 0.0 0.0 0.0 0.0 0.0 0.0 0.0 0.0 0.0 0.0 0.0 0.0 0.017460893341816084 0.0 0.0 0.0 0.0 0.0 0.23867952725201014 0.0 0.028332171326750817 0.0 0.0 0.0 0.0 0.0 0.0 0.0 0.0 0.0 0.04558038919848865 0.0 0.0 0.0 0.0 0.0 0.0 0.0 0.0 
    34.txt
        0.0 0.0 0.0 0.0 0.0 0.0 0.007506149395382368 0.0193533386817203 0.0 0.0 0.019848089665566795 0.02869427943509083 0.0 0.0177783641298491 0.0 0.0 0.04647854249379415 0.0 0.0 0.0 0.006944265649054004 0.010302607755182115 0.0 0.017358511072873464 0.0 0.0 0.0 0.0 0.0 0.0 0.0 0.07292862271758184 0.0 0.0 0.019546941659234828 0.0 0.0 0.0 0.0 0.0 
    53.txt
        0.0 0.0 0.0 0.0 0.026622612738447668 0.0 0.030781796862642603 0.00933713708328611 0.0 0.0 0.038303330933549956 0.0 0.16481317618348718 0.003063314621371243 0.0 0.0 0.01121192911034508 0.022161027633702174 0.0 0.016749440508912992 0.0033503036026137738 0.010935224020851193 0.0 0.0 0.0 0.0 0.0 0.0 0.15779478345648998 0.03486148600316993 0.0 0.012794495213610847 0.0 0.0 0.009430542028578206 0.0 0.0 0.0 0.029406358080079985 0.0 
    82.txt
        0.0 0.0 0.0 0.0 0.39743757588111167 0.0 0.0 0.025343657797490867 0.0 0.0 0.0 0.0 0.0 0.0033258844460602064 0.0 0.0 0.0 0.0 0.0 0.0 0.03637472482837811 0.0107932081244765 0.0 0.0 0.0 0.0 0.13435137554329588 0.0 0.0 0.0 0.0 0.0 0.0 0.08203650465433826 0.10238874202456338 0.0 0.0 0.0 0.0 0.0 
    40.txt
        0.0 0.0 0.0 0.0 0.0 0.0 0.014744222026643935 0.0380154866962363 0.2380146078696574 0.0 0.0 0.0 0.0 0.019955306676361237 0.0 0.0 0.0 0.0 0.0 0.0 0.0 0.008094906093357376 0.0 0.0 0.0 0.0 0.4030541266298876 0.0 0.0 0.0 0.38517367763645816 0.026045936684850654 0.0 0.0 0.0 0.0 0.0 0.0 0.0 0.0 
    21.txt
        0.0 0.0 0.0 0.0 0.0 0.0 0.0 0.0 0.0 0.0 0.0 0.0 0.0 0.03604829593149127 0.0 0.0 0.04123096511546255 0.0 0.0 0.0 0.0 0.018278820210806977 0.0 0.0 0.0 0.0 0.0 0.0 0.0 0.0 0.0 0.047050724333923766 0.0 0.0 0.0 0.0 0.0 0.0 0.0 0.0 
    110.txt
        0.0 0.0 0.0 0.0 0.06597777939528335 0.0 0.06282320689613503 0.0 0.0 0.0 0.07119423466996785 0.0 0.0 0.006073354205849073 0.0 0.04428563395628579 0.02778608518650737 0.08238121142093635 0.0 0.08301896600069918 0.0 0.004927334143782751 0.0 0.0 0.0 0.0 0.0 0.0 0.0 0.0575972377443677 0.0 0.0 0.0 0.0 0.0 0.0 0.0 0.0 0.0 0.0 
    60.txt
        0.0 0.0 0.0 0.0 0.04507392849776783 0.0 0.02452504257897209 0.0 0.0 0.0 0.02702091414866767 0.0 0.02657525047371646 0.003457602641943779 0.0 0.0 0.025310097397610674 0.006253359282777347 0.0 0.03781061817853626 0.015126123195959218 0.0056103309557922415 0.0 0.0 0.0 0.02861754215738777 0.0 0.0 0.02544357187275793 0.026232405309315983 0.0 0.03068778678710127 0.0 0.0 0.2661093542717613 0.0 0.0 0.0 0.03319133486266454 0.0 
    171.txt
        0.0 0.0 0.0 0.0 0.058364958695827585 0.0 0.007939196475885197 0.020469877451819548 0.0 0.0 0.04198634352331438 0.0 0.0 0.0026862912833563206 0.0 0.0 0.02457999843421806 0.0 0.0 0.0 0.029379585438305406 0.004358795588730895 0.0 0.0 0.0 0.0 0.0 0.0 0.0 0.0 0.0 0.08414841082797905 0.0 0.0 0.08269859932753197 0.0 0.0 0.0 0.032233892510856905 0.0 
    89.txt
        0.0 0.0 0.0 0.0 0.0 0.0 0.11950579958437717 0.0 0.0 0.0 0.0 0.0 0.0 0.007351955091290982 0.0 0.0 0.0 0.09972462435165978 0.0 0.0 0.0 0.011929335295474028 0.0 0.0 0.0 0.0 0.0 0.0 0.0 0.06972297200633985 0.0 0.0 0.0 0.0 0.0 0.0 0.0 0.0 0.0 0.0 
    151.txt
        0.0 0.0 0.0 0.0 0.0 0.0 0.019658962702191914 0.025343657797490867 0.0 0.0 0.0 0.0 0.0 0.023281191122421444 0.0 0.0 0.030432379013793785 0.0 0.0 0.09092553419124196 0.0 0.0107932081244765 0.0 0.0 0.0 0.0 0.0 0.0 0.0 0.0 0.0 0.05209187336970131 0.0 0.0 0.0 0.0 0.0 0.0 0.0 0.0 
    199.txt
        0.0 0.0 0.0 0.0 0.020787519535500235 0.0 0.01979361313165898 0.014581282568419403 0.0 0.0 0.007477020079494341 0.0 0.01225616574358613 0.020091986859076042 0.0 0.027906015917659538 0.01750903998053889 0.0 0.0 0.013078330260384116 0.005231980968465346 0.018629372927178617 0.0 0.013078330260384116 0.0 0.0 0.0 0.0 0.011734250041774206 0.0 0.036934462239112426 0.03746333358779889 0.0 0.0 0.014727147825450898 0.0 0.0 0.0 0.022961128911843275 0.0 
    56.txt
        0.0 0.0 0.0 0.0 0.04064702480602278 0.0 0.01658724977997443 0.0 0.0 0.0 0.02436707436620924 0.0 0.143791087384573 0.006859636669999176 0.0 0.009094371258880117 0.017118213195259004 0.03383514040502743 0.0 0.0 0.02387091316862314 0.01011863261669672 0.013271230532829225 0.0 0.0 0.0 0.0 0.0 0.13766789781152952 0.0 0.0 0.011395097299622162 0.0 0.0 0.0575936673888169 0.0 0.0 0.0 0.02993147161722427 0.0 
    18.txt
        0.0 0.0 0.0 0.17997320774212947 0.026163602173991676 0.0 0.04745266859149772 0.03670460784464195 0.0 0.0 0.056464393014112435 0.0 0.010283909187146983 0.0024083990816298048 0.0 0.07024617799962574 0.014691493317003897 0.014519293966908322 0.0 0.0 0.01317015898958518 0.003907885700241492 0.017084802525021533 0.0 0.0 0.06644532776772792 0.0 0.04410370516936089 0.009845979920109391 0.015226855955407554 0.0 0.023052150859005756 0.0 0.0 0.0 0.0 0.053118327673754705 0.0 0.009633117302095167 0.0 
    251.txt
        0.0 0.0 0.0 0.0 0.021678413229878818 0.0 0.017693066431972725 0.0 0.0 0.0 0.0 0.0 0.025562859979479644 0.005986592002908372 0.0 0.0 0.0 0.0 0.0 0.027277660257372587 0.010912417448513435 0.009713887312028852 0.0 0.0 0.0 0.0 0.0 0.0 0.024474292944271916 0.0 0.0 0.03125512402182079 0.0 0.0 0.43003271650316627 0.0 0.02640739718638091 0.0 0.0 0.0 
    37.txt
        0.0 0.0 0.0 0.0 0.0 0.09597179786577216 0.005814622771070848 0.0 0.0 0.0 0.023062921090271277 0.0 0.0 0.040332204338842784 0.0 0.0 0.027003378561535334 0.0 0.0 0.0 0.010758721428111838 0.0 0.0 0.0 0.052643234060329135 0.0 0.0 0.0 0.0 0.0 0.03797486962612968 0.015407455503714472 0.0 0.0 0.0 0.0 0.11715957906633784 0.0 0.0 0.0 
    19.txt
        0.0 0.0 0.0 0.0 0.0 0.0 0.0688063694576717 0.0 0.0 0.0 0.0 0.0 0.0 0.0 0.0 0.0 0.0 0.0 0.0 0.0 0.0 0.0 0.0 0.0 0.0 0.0 0.0 0.0 0.0 0.0 0.0 0.12154770452930305 0.0 0.0 0.0 0.0 0.0 0.0 0.0 0.0 
    133.txt
        0.009631596093486345 0.0 0.0 0.0 0.0249222633847147 0.00828953485215307 0.008286898511325424 0.0407903397397572 0.0 0.03852638437394538 0.027888739128624877 0.0057598006165328315 0.009795986488486725 0.011725563412022478 0.0 0.0 0.011662043052731195 0.011525351962783065 0.0 0.013937490642453147 0.0055756877474156235 0.007031341789120641 0.0 0.055749962569812586 0.0 0.0 0.0 0.0 0.009378834887403471 0.014504413884530554 0.05904122065960308 0.04657849991086432 0.0 0.006287469334821546 0.039236561724741444 0.0 0.026985661358345455 0.0 0.03364559583250028 0.0 
    238.txt
        0.0 0.0 0.0 0.0 0.025291482101525285 0.0 0.041283821674603025 0.01774056045824361 0.0 0.0 0.0 0.0 0.0 0.004656238224484289 0.0 0.033952319366485774 0.02130266530965565 0.06315892875605121 0.0 0.0 0.0636557684496617 0.007555245687133551 0.0 0.0 0.0 0.0 0.0 0.0 0.0 0.0441578822706819 0.0 0.024309540905860613 0.0 0.0 0.035836059708597184 0.0 0.0 0.0 0.05587208035215197 0.0 
    109.txt
        0.0 0.0 0.0 0.10101721982945332 0.0 0.07326879191903037 0.0 0.0 0.21498093614033573 0.0 0.05282152894868583 0.0 0.0 0.031542258940054864 0.0 0.0 0.0 0.04074769597164594 0.0 0.0 0.0 0.0036557640421613956 0.047947671602479786 0.0 0.0 0.0 0.18202444428446538 0.0 0.0 0.0 0.17394940280356175 0.005881340541740471 0.0 0.0 0.0 0.0 0.029814803274946188 0.0 0.0 0.0 
    235.txt
        0.0 0.0 0.0 0.0 0.02447562784018576 0.0 0.019976042745775656 0.0 0.0 0.0 0.0 0.0 0.1154451741008758 0.013518110974309225 0.0 0.0 0.0 0.04074769597164594 0.0 0.0 0.0246409426256755 0.010967292126484188 0.0 0.0 0.0 0.0 0.0 0.0 0.1105290649096151 0.0 0.0 0.029406702708702354 0.0 0.0 0.03468005778251341 0.0 0.0 0.0 0.0 0.0 
    227.txt
        0.0 0.0 0.0 0.0 0.07742290439242434 0.0 0.05897688810657574 0.0 0.0 0.05385831284929098 0.033417701987944096 0.0 0.018259185699628314 0.001425379048311517 0.0 0.041574268612023395 0.10433958519015012 0.012889577297153306 0.0 0.0 0.01558916778359062 0.0023128303123878214 0.060668482435790747 0.0 0.0 0.0 0.0 0.1566131571320162 0.01748163781733708 0.0 0.0 0.0037208480978358077 0.0 0.0 0.0 0.0 0.0377248531234013 0.0 0.0 0.0 
    71.txt
        0.0 0.0 0.0 0.0 0.0 0.09463885622874754 0.017201592364417925 0.0 0.0 0.0 0.13645561645077173 0.0 0.0 0.040742084464237535 0.0 0.0 0.0 0.0 0.0 0.0 0.0 0.0 0.0 0.0 0.0 0.0 0.0 0.0 0.0 0.0 0.0 0.0 0.0 0.0 0.0 0.0 0.03851078756347216 0.0 0.0 0.0 
    216.txt
        0.0 0.0 0.0 0.0 0.02137308346607771 0.0 0.020351179698747966 0.014992022922459387 0.0 0.0 0.00768764036342376 0.0 0.012601409849039262 0.0196742460189477 0.0 0.02869210087308657 0.01800225237435689 0.0 0.0 0.013446733929690712 0.005379360714055919 0.01915414399554985 0.0 0.013446733929690712 0.0 0.0 0.0 0.0 0.01206479229647207 0.0 0.03797486962612968 0.0359507295086671 0.0 0.0 0.015141997059970642 0.0 0.0 0.0 0.02360792127555717 0.0 
    132.txt
        0.0 0.0 0.0 0.0 0.0 0.0 0.02948844405328787 0.01900774334811815 0.0 0.0 0.0 0.05636376317607128 0.03195357497434955 0.009977653338180618 0.0 0.0 0.0 0.1353405616201097 0.0 0.0 0.013640521810641794 0.008094906093357376 0.0 0.034097075321715735 0.0 0.0 0.0 0.0 0.030592866180339892 0.18924806687435103 0.0 0.0 0.0 0.061527378490753695 0.0 0.0 0.0 0.0 0.02993147161722427 0.0 
    102.txt
        0.0 0.0 0.0 0.0869870504086959 0.0 0.06309257081916503 0.03440318472883585 0.0 0.0 0.0 0.030323470322393714 0.0 0.0 0.009700496301008936 0.0 0.0 0.0 0.035088293753361775 0.0 0.0 0.010609294741610284 0.0 0.0 0.0 0.0 0.0 0.9404596288030711 0.0 0.0 0.0 0.0 0.015193463066162882 0.0 0.0 0.0 0.0 0.07702157512694432 0.0 0.0 0.0 
    30.txt
        0.0 0.0 0.0 0.0 0.01354900826867426 0.0 0.0036860555066609837 0.0 0.0 0.0 0.009746829746483695 0.0 0.17574466235892255 0.007483240003635464 0.0 0.018188742517760235 0.0 0.0 0.0 0.017048537660857867 0.03410130452660449 0.006071179570018032 0.0 0.0 0.0 0.0 0.0 0.0 0.16826076399186943 0.0 0.0 0.035813162941669655 0.0 0.0 0.019197889129605634 0.0 0.0 0.0 0.0448972074258364 0.0 
    203.txt
        0.0 0.0 0.0 0.0 0.007366451097531636 0.0 0.018036621119972195 0.025835767657636323 0.0 0.0 0.0 0.030644376095728072 0.06949126984712913 0.008815208289072198 0.0 0.00988902505819974 0.031023298994644153 0.006131934830684582 0.0 0.0 0.007416206032970296 0.007701949486883717 0.0 0.046345539272234976 0.0 0.0 0.0 0.018626322086089307 0.06653205848928287 0.012861519107965604 0.0 0.0584137026621408 0.0 0.016725889298457315 0.0 0.0 0.0 0.0 0.0 0.0 
    24.txt
        0.0 0.0 0.0 0.0 0.016143499213739546 0.048326224457232794 0.013175687768490325 0.0 0.0 0.0 0.05806621976628584 0.0 0.019036172325144415 0.010402234331294688 0.0 0.0 0.02719489188466679 0.0 0.0 0.1625052100439218 0.0 0.007233745870659783 0.0 0.0 0.0 0.0 0.0 0.0 0.018225537298925894 0.0 0.0 0.05818773089168764 0.0 0.0 0.0 0.0 0.0 0.0 0.0 0.0 
    131.txt
        0.0 0.0 0.0 0.0 0.10839206614939408 0.0 0.004914740675547979 0.0 0.0 0.0 0.0 0.0 0.04260476663246607 0.006651768892120413 0.0 0.14550994014208188 0.0 0.07518920090006095 0.0 0.06819415064343147 0.02728104362128359 0.0107932081244765 0.0 0.0 0.0 0.0 0.0 0.045678837496838064 0.04079048824045319 0.0 0.0 0.017363957789900436 0.0 0.0 0.0 0.0 0.0 0.0 0.019954314411482845 0.0 
    245.txt
        0.0 0.0 0.0 0.0 0.04742152894035991 0.0 0.012901194273313444 0.0 0.0 0.0 0.017056952056346466 0.0 0.16775626861533516 0.004365223335454021 0.0 0.0 0.0 0.0 0.0 0.0 0.05967728292155785 0.003541521415843852 0.0 0.0 0.0 0.0 0.0 0.0 0.16061254744678444 0.0 0.0 0.011395097299622162 0.0 0.0 0.1679815298840493 0.0 0.0 0.0 0.0 0.0 
    54.txt
        0.0 0.0 0.0 0.0 0.02677921634279148 0.0 0.02185614088655454 0.0 0.0 0.0 0.006421440774153964 0.0 0.1684141363353953 0.0032867563937536157 0.0 0.035949514623337876 0.0 0.052013235446159815 0.0 0.011231977753035772 0.013480045083457773 0.006666393253353133 0.0 0.0 0.0 0.0 0.0 0.0 0.16124240057402672 0.0 0.0 0.01930463542524225 0.0 0.0 0.10118416858898029 0.0 0.0 0.0 0.0 0.0 
    250.txt
        0.025873111074659397 0.0 0.0 0.0 0.0 0.0 0.01011858374377525 0.010435623798966828 0.0 0.0 0.005351200645128303 0.0 0.12280197441122574 0.0013694818307306731 0.0 0.009985976284260522 0.05012391837566035 0.03715231103297129 0.0 0.009359981460863143 0.007488913935254318 0.005555327711127611 0.0 0.0 0.0 0.028336978018589847 0.0 0.0 0.1175725837518945 0.03896283729766051 0.0 0.030386926132325763 0.0 0.016889868605304937 0.0737801229294648 0.0 0.0 0.0 0.09038130645201055 0.0 
    69.txt
        0.0 0.08054776387145184 0.0 0.27883520267992934 0.0 0.28002730062204756 0.002827659018808426 0.007290641284209701 0.25105650419128245 0.0 0.029908080317977363 0.0 0.0 0.011959515987545263 0.0 0.0 0.0 0.0 0.02837763511227077 0.0 0.005231980968465346 7.762238719657758E-4 0.0 0.0 0.05120095367511463 0.019797066834905234 0.5797353876183314 0.0 0.0 0.0 0.2954756979128994 0.013736555648859592 0.0 0.0 0.0 0.0 0.0 0.0 0.0 0.0 
    201.txt
        0.0 0.0 0.0 0.0 0.0341008747436296 0.0 0.013915894946495401 0.0 0.0 0.0 0.0 0.0 0.11058091114718721 0.007847592513175768 0.0 0.057223010168234445 0.02154202109965178 0.028386035395978067 0.0 0.0 0.008582800240403825 0.01018684811748344 0.03340174875678367 0.0 0.0 0.0 0.0 0.0 0.10587194138814256 0.014884679417083789 0.0 0.03892257954028244 0.0 0.0 0.012079570688291186 0.0 0.010384931477790247 0.0 0.00941664275598067 0.0 
    106.txt
        0.0 0.0 0.0 0.0 0.0 0.0 0.0 0.0 0.0 0.0 0.0 0.0 0.0 0.03492178668363217 0.0 0.0 0.0 0.0 0.0 0.0 0.0 0.0 0.0 0.0 0.0 0.0 0.0 0.0 0.0 0.0 0.0 0.0 0.0 0.0 0.0 0.0 0.46212945076166595 0.0 0.0 0.0 
    244.txt
        0.0 0.0 0.0 0.0 0.06655653184611918 0.019923969732367906 0.01991763326406286 0.0 0.0 0.0 0.014363749100081234 0.0 0.05493772539449572 0.006126629242742486 0.0 0.03573928354366923 0.016817893665517617 0.04432205526740435 0.0 0.0 0.040203643231365285 0.012923446570096864 0.0 0.0 0.0 0.0 0.0 0.0 0.052598261152163324 0.0 0.0 0.022390366623818984 0.0 0.0 0.028291626085734618 0.0 0.0 0.0 0.05881271616015997 0.0 
    141.txt
        0.0 0.0 0.0 0.0 0.11672991739165517 0.0 0.015878392951770393 0.06823292483939848 0.0 0.0 0.0 0.0 0.045882056373425 0.010745165133425282 0.0 0.0 0.01638666562281204 0.0 0.0 0.0 0.0097931951461018 0.011623454903282386 0.0 0.0 0.0 0.0 0.0 0.0 0.04392821810510344 0.0 0.0 0.02337455856332751 0.0 0.0 0.11026479910337596 0.0 0.0 0.0 0.0 0.0 
    112.txt
        0.0 0.0 0.0 0.0 0.0 0.08735894421115159 0.0 0.0 0.0 0.0 0.0 0.0 0.0 0.045666951817057454 0.0 0.0 0.0 0.0 0.0 0.0 0.022034689078729054 0.010896988971827238 0.0 0.0 0.0 0.0 0.0 0.0 0.0 0.0 0.0 0.028049470275993017 0.0 0.0 0.0 0.0 0.0 0.0 0.0 0.0 
    188.txt
        0.04123527077523841 0.0 0.0 0.0 0.0 0.0 0.009675895704985083 0.024947663144405073 0.0 0.0 0.017056952056346466 0.0 0.0 0.019643505009543094 0.0 0.015915149703040206 0.009985624363901087 0.009868582618133 0.0 0.014917470453250634 0.01193545658431157 0.00885380353960963 0.04644930686490229 0.014917470453250634 0.0 0.0 0.0 0.0 0.0 0.0 0.0 0.04558038919848865 0.0 0.0 0.0 0.0 0.057766181345208244 0.0 0.03928505649760686 0.0 
    79.txt
        0.0 0.0 0.0 0.0 0.021678413229878818 0.1297904313994252 0.011795377621315148 0.0 0.0 0.0 0.0 0.0 0.0 0.03392402134981411 0.0 0.0 0.018259427408276272 0.0 0.0 0.0 0.010912417448513435 0.019427774624057703 0.0 0.0 0.0 0.0 0.08061082532597752 0.0 0.0 0.0378496133748702 0.0 0.005209187336970131 0.0 0.0 0.0 0.0 0.0 0.0 0.04789035458755883 0.0 
    123.txt
        0.0 0.0 0.0 0.0 0.009141499554768177 0.0 0.029843726511761218 0.0 0.0 0.0 0.0 0.0 0.10779519268455272 0.005890421850251209 0.0 0.11044730396326698 0.007699758545658669 0.03043803795472347 0.0 0.0 0.023008109078190977 0.010923246776578629 0.017908166502131003 0.0 0.0 0.0 0.0 0.023114592468279505 0.10320484976500205 0.03192136067760138 0.0 0.021966452625777663 0.0 0.0 0.0 0.0 0.0 0.0 0.02019472783812722 0.0 
    97.txt
        0.0 0.0 0.0 0.0 0.0 0.0 0.0 0.0 0.0 0.0 0.05458224658030869 0.0 0.0 0.05587485869381147 0.0 0.0 0.0 0.0 0.0 0.0 0.0 0.0 0.0 0.0 0.0 0.0 0.0 0.0 0.0 0.0 0.0 0.01823215567939546 0.0 0.0 0.0 0.0 0.0 0.0 0.0 0.0 
    211.txt
        0.0 0.0 0.0 0.0 0.009252981256655593 0.0 0.002517306199670916 0.038942693688827426 0.0 0.0 0.07322008687602385 0.038492326071463315 0.010910976820509604 0.012776263420841037 0.0 0.0 0.007793658040117921 0.007702308384884293 0.0 0.01164290376839074 0.004657739154853296 0.01105645710312227 0.0 0.02328580753678148 0.0 0.0 0.0 0.0 0.010446344549384354 0.0 0.0 0.05336240686652329 0.0 0.021009348752940287 0.065553767759629 0.0 0.0 0.0 0.0 0.0 
    246.txt
        0.0 0.0 0.0 0.0 0.012541230794144771 0.0 0.015353487399645753 0.0 0.0 0.0 0.013532788408340999 0.0 0.22182647089631097 0.0017316588438164712 0.0 0.01683586084288551 0.0 0.03653822324730235 0.0 0.0 0.009469453157800916 0.005619604230099336 0.0 0.0 0.0 0.0 0.0 0.0 0.21238022802880588 0.010948235273722786 0.0 0.025615425334687837 0.0 0.0 0.04442486740735189 0.0 0.015277006636749288 0.0 0.006926290952746113 0.0 
    47.txt
        0.0 0.0 0.0 0.0 0.04157503907100047 0.0 0.022621272150467407 0.021871923852629104 0.0 0.0 0.02243106023848302 0.0 0.0 0.006697328953025347 0.0 0.013953007958829769 0.01750903998053889 0.025955724146322412 0.0 0.026156660520768232 0.03662386677925742 0.003104895487863103 0.0 0.0 0.0 0.0 0.0 0.0 0.0 0.05444122471727906 0.0 0.05494622259543837 0.0 0.0 0.029454295650901796 0.0 0.0 0.0 0.04592225782368655 0.0 
    111.txt
        0.0 0.0 0.0 0.05908554367383118 0.0 0.29998731785716204 0.0 0.0 0.0 0.0 0.01029853709062428 0.0 0.0 0.040851901403494234 0.0 0.0 0.0 0.023833558021151398 0.0 0.0 0.0 0.00855310832505685 0.0 0.0 0.0 0.0 0.3726349472615942 0.0 0.0 0.0 0.0 0.0 0.0 0.0 0.0 0.0 0.0 0.0 0.0 0.0 
    168.txt
        0.0 0.0 0.0 0.0 0.014315933265014312 0.08571066224490344 0.023368200947888502 0.0 0.0628717832108529 0.0 0.01029853709062428 0.0 0.050643401846138913 0.01581363925296551 0.0 0.0 0.012058112439427726 0.0 0.0 0.0 0.01441262681879133 0.012829662487585276 0.0 0.0 0.0 0.0 0.0 0.0 0.04848680677638776 0.024995027700385985 0.15261598547859664 0.013760117493883365 0.0 0.0 0.020284562099205955 0.0 0.06975538879421372 0.0 0.01581285292985433 0.0836003169593078 
    61.txt
        0.0 0.08909070852448461 0.0 0.1423424461233206 0.0 0.4129695544527166 0.0 0.0 0.15146384137160018 0.0 0.03721516812293774 0.0 0.0 0.019048247281981182 0.0 0.0 0.014524544529310672 0.014354301990011637 0.0 0.0 0.026040996183952513 0.0025756519387955287 0.0 0.0 0.0 0.0 0.25648898967356487 0.0 0.0 0.0 0.36766578319843735 0.0 0.0 0.0 0.0 0.0 0.0 0.0 0.0 0.0 
    204.txt
        0.0 0.0 0.0 0.0 0.009853824195399463 0.0 0.02948844405328787 0.0 0.0 0.0 0.0 0.0 0.10457533627968944 0.005442356366280337 0.0 0.11905358738897608 0.00829973973103467 0.0328098331200266 0.0 0.0 0.02480094874662144 0.010302607755182115 0.0193036080477516 0.0 0.0 0.0 0.0 0.024915729543729857 0.10012210749929419 0.03440873943170019 0.0 0.021310311833059627 0.0 0.0 0.0 0.0 0.0 0.0 0.021768342994344925 0.0 
    143.txt
        0.0 0.0 0.0 0.0 0.0 0.0 0.01749314477737416 0.027061871885456352 0.0 0.0 0.0 0.0 0.0 0.02012441944480498 0.0 0.0 0.01083186371677406 0.0 0.0 0.01618166286454306 0.006473467977931699 0.019208251746949706 0.0 0.01618166286454306 0.0 0.0 0.0 0.0 0.0 0.0 0.0 0.06180391755727274 0.0 0.0 0.0 0.0 0.0 0.0 0.0 0.0 
    96.txt
        0.0 0.0 0.0 0.0 0.0 0.0 0.03045527828454321 0.008724865799136202 0.0 0.0 0.0 0.0 0.05866885896929754 0.002289953225156208 0.0 0.0 0.11524392708502237 0.11389315021583005 0.0 0.0 0.0187836693785887 0.005573541900344423 0.0 0.0 0.0 0.0 0.0 0.0 0.05617050839668965 0.08686796512265293 0.0 0.002988877980228764 0.0 0.0 0.0 0.0 0.0 0.0 0.10991228921734815 0.0 
    67.txt
        0.0 0.0 0.0 0.0 0.04274616693215542 0.0 0.023258491084283392 0.04497606876737816 0.0 0.0 0.00768764036342376 0.0 0.08820986894327482 0.004918561504736925 0.0 0.0 0.009001126187178445 0.0 0.0 0.026893467859381424 0.016138082142167758 0.004788535998887462 0.0 0.0 0.0 0.0 0.0 0.0 0.08445354607530449 0.05597478034311791 0.03797486962612968 0.03851863875928618 0.0 0.0 0.015141997059970642 0.0 0.0 0.0 0.04721584255111434 0.0 
    170.txt
        0.0 0.0 0.0 0.0 0.0223160136189929 0.0 0.009106725369397725 0.0 0.0 0.0 0.008026800967692455 0.0 0.11841618961082481 0.009244002357432045 0.0 0.029957928852781562 0.037592938781745265 0.009288077758242823 0.0 0.0 0.028083427257203697 0.008332991566691417 0.043716994696378624 0.0 0.0 0.0 0.0 0.0 0.11337356290361256 0.019481418648830254 0.0 0.026811993646169794 0.0 0.0 0.047430079026084516 0.0 0.0 0.0 0.024649447214184692 0.0 
    142.txt
        0.0 0.0 0.0 0.0 0.0 0.0 0.03538613286394545 0.0 0.0 0.0 0.0 0.0 0.07668857993843893 0.009977653338180618 0.0 0.05820397605683275 0.018259427408276272 0.01804540821601463 0.0 0.0 0.02182483489702687 0.016189812186714753 0.04246793770505352 0.0 0.0 0.0 0.0 0.054814604996205676 0.07342287883281574 0.0 0.0 0.020836749347880525 0.0 0.0 0.0 0.0 0.0 0.0 0.023945177293779416 0.0 
    10.txt
        0.0 0.0 0.0 0.0 0.11672991739165517 0.0 0.015878392951770393 0.06823292483939848 0.0 0.0 0.0 0.0 0.045882056373425 0.010745165133425282 0.0 0.0 0.01638666562281204 0.0 0.0 0.0 0.0097931951461018 0.011623454903282386 0.0 0.0 0.0 0.0 0.0 0.0 0.04392821810510344 0.0 0.0 0.02337455856332751 0.0 0.0 0.11026479910337596 0.0 0.0 0.0 0.0 0.0 
    43.txt
        0.0 0.0 0.0 0.0 0.012645741050762643 0.03785554249149902 0.041283821674603025 0.01774056045824361 0.0 0.0 0.06367928767702681 0.0 0.0 0.018624952897937155 0.0 0.0 0.03195399796448348 0.0 0.0 0.0 0.0 0.013221679952483715 0.0 0.0 0.0 0.0 0.0 0.0 0.0 0.0 0.13481078717276038 0.015193463066162882 0.0 0.0 0.0 0.0 0.03080863005077773 0.0 0.013968020088037993 0.0 
    241.txt
        0.0 0.0 0.0 0.0 0.04254641848854721 0.0 0.023149806546506366 0.0 0.0 0.0 0.03060686724129459 0.0 0.025085049512573482 0.003263718381647866 0.0 0.0 0.023890839599613814 0.00590270362206086 0.0 0.03569039659843142 0.017847411714858423 0.00529573295827118 0.0 0.0 0.0 0.02701282016725387 0.0 0.0 0.024016829524752814 0.02476142931066275 0.0 0.028966976313058203 0.0 0.0 0.2712823211585394 0.0 0.0 0.0 0.04699520777283811 0.0 
    35.txt
        0.0 0.0 0.0 0.0 0.0 0.0 0.03870358281994033 0.0 0.0 0.0 0.017056952056346466 0.0 0.05591875620511172 0.021826116677270104 0.0 0.03183029940608041 0.039942497455604346 0.019737165236266 0.0 0.0 0.03580636975293471 0.003541521415843852 0.0 0.0 0.0 0.0 0.0 0.0 0.053537515815594815 0.0 0.0 0.011395097299622162 0.0 0.0 0.0 0.0 0.0 0.0 0.0 0.13846302496385354 
    36.txt
        0.0 0.0 0.0 0.0 0.0 0.0 0.00938268674422796 0.0 0.0 0.0 0.024810112081958498 0.0 0.0 0.038096494563962364 0.0 0.0 0.0 0.05741720796004655 0.0 0.0 0.01736066412263501 0.005151303877591057 0.0 0.0 0.0 0.0 0.0 0.0 0.0 0.0 0.0 0.0082873434906343 0.0 0.0 0.0 0.0 0.12603530475318162 0.0 0.0 0.0 
    140.txt
        0.0 0.0 0.0 0.0 0.04215247016920881 0.0 0.015290304323927044 0.0 0.0 0.0 0.0 0.0 0.1325481628565611 0.01034719605440953 0.0 0.0377247992960953 0.023669628121839613 0.0 0.0 0.0 0.014145726322147046 0.006296038072611292 0.027525515179201356 0.0 0.0 0.0 0.0 0.0 0.12690374119252104 0.0 0.0 0.03376325125813974 0.0 0.0 0.01990892206033177 0.0 0.0 0.0 0.031040044640084426 0.0 
    117.txt
        0.0 0.0 0.0 0.0 0.3793722315228793 0.0 0.0 0.0 0.0 0.0 0.27291123290154345 0.0 0.0 0.0 0.0 0.0 0.0 0.0 0.0 0.0 0.0 0.0 0.0 0.0 0.0 0.0 0.0 0.0 0.0 0.0 0.0 0.0 0.0 0.0 0.0 0.0 0.0 0.0 0.0 0.0 
    55.txt
        0.0 0.0 0.0 0.0 0.013795353873559247 0.0 0.052543045767676565 0.08709002406774134 0.0 0.047982860538459245 0.0 0.0 0.17894001985635752 0.0038096494563962364 0.0 0.0 0.0 0.022966883184018617 0.0 0.0 0.0 0.0061815646531092686 0.0 0.0 0.0 0.0 0.0 0.0 0.1713200506099034 0.0 0.0 0.0 0.0 0.0 0.0 0.0 0.0 0.0 0.0 0.0 
    77.txt
        0.0 0.0 0.0 0.0 0.023710764470179956 0.0 0.07095656850322395 0.016631775429603382 0.0 0.0 0.0 0.0 0.05591875620511172 0.0021826116677270105 0.0 0.0 0.039942497455604346 0.019737165236266 0.0 0.059669881813002534 0.01193545658431157 0.007083042831687704 0.0 0.0 0.0 0.0 0.0 0.0 0.053537515815594815 0.0 0.0 0.005697548649811081 0.0 0.0 0.06719261195361972 0.0 0.0 0.0 0.07857011299521371 0.0 
    62.txt
        0.0 0.0 0.0 0.0 0.0 0.0 0.012901194273313444 0.06652710171841353 0.0 0.0 0.03411390411269293 0.0 0.11183751241022344 0.0 0.0 0.0 0.07988499491120869 0.0 0.0 0.0 0.0 0.007083042831687704 0.0 0.0 0.0 0.0 0.0 0.0 0.10707503163118963 0.0 0.0 0.022790194599244324 0.0 0.10767291235881897 0.06719261195361972 0.0 0.0 0.0 0.052380075330142474 0.0 
    169.txt
        0.0 0.0 0.0 0.0 0.046264906283277965 0.0 0.015103837198025495 0.006490448948137905 0.0 0.0 0.0532509722734719 0.0 0.0 0.02044202147334566 0.0 0.02484316051206276 0.0 0.0 0.0 0.02328580753678148 0.004657739154853296 0.006910285689451419 0.0 0.01164290376839074 0.0 0.0 0.0 0.0 0.0 0.0 0.06576135959646848 0.04891553962764636 0.0 0.0 0.0131107535519258 0.0 0.011271450018577218 0.0 0.010220502503442435 0.0 
    29.txt
        0.0 0.0 0.0 0.0 0.016494444848820837 0.0 0.008974743842305004 0.0 0.0 0.0 0.017798558667491964 0.0 0.1069750118706485 0.005314184930117939 0.0 0.06642845093442869 0.006946521296626843 0.013730201903489392 0.0 0.0 0.004151463159760546 0.01108650182351119 0.0 0.0 0.0 0.0 0.0 0.0 0.10241959547331182 0.0 0.0 0.05945268156324606 0.0 0.0 0.04674268657643111 0.0 0.0 0.0 0.009109578318285648 0.0 
    86.txt
        0.0 0.0 0.0 0.0 0.05620329355894508 0.0 0.03058060864785409 0.0 0.0 0.0 0.04043129376319162 0.0 0.0 0.005173598027204765 0.0 0.0 0.16568739685287728 0.046784391671149034 0.0 0.03535992996326076 0.0 0.020986793575370973 0.0 0.0 0.0 0.0 0.0 0.0 0.0 0.04906431363409101 0.0 0.0 0.0 0.0 0.0 0.0 0.03423181116753081 0.0 0.0 0.0 
    118.txt
        0.0 0.0 0.0 0.0 0.0 0.0 0.03225298568328361 0.0 0.0 0.0 0.0 0.0 0.22367502482044688 0.0 0.0 0.0 0.0 0.059211495708798 0.0 0.0 0.02387091316862314 0.010624564247531557 0.0 0.0 0.0 0.0 0.0 0.0 0.21415006326237926 0.04139801462876429 0.0 0.0 0.0 0.0 0.0 0.0 0.028883090672604122 0.0 0.026190037665071237 0.0 
    2.txt
        0.0 0.0 0.0 0.0 0.016494444848820837 0.0 0.013462115763457507 0.0 0.0 0.11474162302675037 0.011865705778327976 0.0 0.0 0.009110031308773608 0.0 0.0 0.013893042593253685 0.05492080761395757 0.0 0.0 0.016605852639042185 0.009854668287565501 0.03231256129732333 0.0 0.0 0.0 0.0 0.0 0.0 0.0 0.0 0.07927024208432808 0.0 0.0 0.0 0.0 0.020092584815724606 0.0 0.0 0.0 
    192.txt
        0.0 0.0 0.0 0.0 0.0 0.043679472105575795 0.029771986784569483 0.03582228554068421 0.032040427982453885 0.0 0.0052482929404142975 0.015174859316634577 0.017205771140034375 0.014774602058459763 0.0 0.019587876557587945 0.006144999608554515 0.006072973918851077 0.0 0.06425987272169503 0.011017344539364527 0.007627892280279065 0.0 0.027539945452155018 0.0 0.0 0.0 0.055341668505784584 0.01647308178941379 0.012737850655004396 0.051850302758753984 0.022790194599244324 0.0 0.016565063439818305 0.010337324915941496 0.0 0.026661314467019193 0.0 0.02417541938314268 0.0 
    221.txt
        0.0 0.0 0.0 0.0 0.10253303554672415 0.0 0.0502100533880307 0.007192119104693355 0.0 0.0 0.014751958535218566 0.0 0.0 0.005662992435183595 0.0 0.0 0.0 0.008534990372439353 0.0 0.012901596067676224 0.03612894966061881 0.015314687203649091 0.02008618675239018 0.0 0.0 0.0 0.0 0.0 0.0 0.0 0.0 0.0024638048215399272 0.0 0.0 0.14528132314296158 0.0 0.06244992577860351 0.0 0.011325421693003778 0.0 
    113.txt
        0.03716982154387688 0.0 0.0 0.0 0.06411925039823312 0.0 0.023258491084283392 0.007496011461229694 0.0 0.0 0.0384382018171188 0.0 0.025202819698078523 0.002951136902842155 0.0 0.07173025218271642 0.07200900949742756 0.01779124753691583 0.0 0.026893467859381424 0.016138082142167758 0.007980893331479104 0.041869797737376716 0.0 0.0 0.0 0.0 0.08106385245917741 0.02412958459294414 0.0 0.0 0.012839546253095394 0.0 0.0 0.015141997059970642 0.0 0.013017731007370872 0.0 0.0708237638266715 0.0 
    215.txt
        0.0 0.0 0.0 0.0 0.0 0.0 0.019658962702191914 0.025343657797490867 0.0 0.0 0.0 0.0 0.0 0.023281191122421444 0.0 0.0 0.030432379013793785 0.0 0.0 0.09092553419124196 0.0 0.0107932081244765 0.0 0.0 0.0 0.0 0.0 0.0 0.0 0.0 0.0 0.05209187336970131 0.0 0.0 0.0 0.0 0.0 0.0 0.0 0.0 
    233.txt
        0.0 0.0 0.0 0.0 0.011324544224563561 0.0 0.006161764429045227 0.01588706906708383 0.0 0.0 0.008146603967210252 0.0 0.013353732825101305 0.01667906229666014 0.0 0.015202531059620494 0.0 0.0 0.0 0.028499048030090762 0.0 0.025372093725448495 0.0 0.028499048030090762 0.0 0.0 0.0 0.0 0.012785078403724134 0.0 0.0 0.06258799710837247 0.0 0.0 0.0 0.0 0.0 0.0 0.0 0.0 
    0.txt
        0.0 0.0 0.0 0.0 0.005579003404748225 0.0 0.019731238300361737 0.007826717849225121 0.0 0.0 0.012040201451538682 0.0 0.07236544920661517 0.013866003536148065 0.0 0.03744741106597695 0.018796469390872633 0.027864233274728475 0.0 0.02105995828694207 0.014041713628601848 0.011666188193367982 0.010929248674094656 0.0 0.0 0.0 0.0 0.014106699815199991 0.06928384399665212 0.009740709324415127 0.0 0.03217439237540375 0.0 0.0 0.007905013171014086 0.0 0.013592042669460763 0.0 0.006162361803546173 0.0 
    155.txt
        0.0 0.0 0.0 0.0 0.03793722315228793 0.11356662747449707 0.041283821674603025 0.0 0.0 0.0 0.0 0.0 0.08947000992817876 0.0 0.0 0.10185695809945733 0.0 0.0947383931340768 0.0 0.04773590545040203 0.0 0.0 0.0 0.0 0.0 0.0 0.0 0.1918511174867199 0.0856600253049517 0.06623682340602287 0.0 0.00911607783969773 0.0 0.0 0.0 0.0 0.0 0.0 0.0 0.0 
    239.txt
        0.0 0.0 0.0 0.0 0.027758943769966776 0.0 0.02013844959736733 0.0 0.0 0.0 0.006656371534183987 0.0 0.16366465230764404 0.0034070035788909435 0.0 0.03726474076809414 0.0 0.05391615869419006 0.0 0.01164290376839074 0.013973217464559887 0.006910285689451419 0.0 0.0 0.0 0.0 0.0 0.0 0.15669516824076532 0.0 0.0 0.020010902574946237 0.0 0.0 0.1048860284154064 0.0 0.0 0.0 0.0 0.0 
    32.txt
        0.0 0.0 0.0 0.0 0.0 0.11356662747449707 0.0 0.0 0.0 0.0 0.0 0.0 0.22367502482044688 0.006984357336726434 0.0 0.0 0.03195399796448348 0.0 0.0 0.0 0.0 0.01699930279605049 0.0 0.0 0.0 0.0 0.0 0.0 0.21415006326237926 0.0 0.0 0.01823215567939546 0.0 0.0 0.0 0.0 0.0 0.0 0.04190406026411398 0.0 
    228.txt
        0.0 0.0 0.0 0.0 0.016860988067683526 0.03364937110355468 0.018348365188712454 0.023654080610991477 0.0 0.039097145623929755 0.024258776257914973 0.023380523984148086 0.0596466732854525 0.009312476448968578 0.0 0.007544959859219061 0.014201776873103767 0.0 0.0 0.014143971985304305 0.0056582905288588186 0.00923418917316323 0.011010206071680543 0.014143971985304305 0.0 0.0 0.0 0.0 0.07614224471551263 0.0 0.0 0.043216961610418866 0.0 0.025522468114683016 0.007963568824132709 0.0 0.02053908670051849 0.0 0.01862402678405066 0.0 
    249.txt
        0.0 0.0 0.0 0.0 0.0 0.0 0.0 0.0 0.0 0.0 0.12129388128957486 0.0 0.0 0.007760397040807148 0.0 0.0 0.0 0.0 0.0 0.0 0.042437178966441134 0.012592076145222585 0.0 0.0 0.0 0.0 0.0 0.0 0.0 0.0 0.0 0.0 0.0 0.0 0.0 0.0 0.4107817340103697 0.0 0.0 0.0 
    190.txt
        0.0 0.0 0.0 0.0 0.015484580878484868 0.0 0.01263790459426623 0.010861567627496085 0.0 0.10771662569858197 0.011139233995981365 0.0 0.0 0.009977653338180618 0.0 0.0 0.013042448148768765 0.051558309188613226 0.0 0.0 0.01558916778359062 0.009251321249551286 0.030334241217895373 0.019484043040980416 0.0 0.0 0.0 0.0 0.0 0.0 0.0 0.07441696195671617 0.0 0.0 0.0 0.0 0.01886242656170065 0.0 0.0 0.0 
    73.txt
        0.0 0.0 0.0 0.0 0.04742152894035991 0.0 0.012901194273313444 0.0 0.0 0.0 0.017056952056346466 0.0 0.16775626861533516 0.004365223335454021 0.0 0.0 0.0 0.0 0.0 0.0 0.05967728292155785 0.003541521415843852 0.0 0.0 0.0 0.0 0.0 0.0 0.16061254744678444 0.0 0.0 0.011395097299622162 0.0 0.0 0.1679815298840493 0.0 0.0 0.0 0.0 0.0 
    95.txt
        0.0 0.0 0.0 0.0 0.0 0.0 0.0 0.0 0.0 0.0 0.0 0.0 0.08133637266198068 0.019048247281981182 0.0 0.0 0.0 0.0 0.0 0.08679255536436732 0.0 0.030907823265546343 0.0 0.0 0.0 0.0 0.0 0.0 0.07787275027722883 0.0 0.0 0.0165746869812686 0.0 0.0 0.09773470829617414 0.0 0.0 0.0 0.0 0.0 
    66.txt
        0.0 0.05939380568298974 0.0 0.2372374102055343 0.0 0.22369184199522146 0.0015637811240379934 0.0040319455586917295 0.15146384137160018 0.0 0.028945130762284912 0.0 0.0 0.019577365262036215 0.0 0.0 0.0338906039017249 0.0 0.03138738429084494 0.0 0.005786888040878338 0.004292753231325882 0.045041752111420405 0.0 0.028315678926389157 0.02189675574163761 0.23511490720076778 0.0 0.006489395856435735 0.0 0.18383289159921867 0.013812239151057167 0.0 0.0 0.0 0.0 0.021005884125530273 0.0 0.0 0.0 
    219.txt
        0.0 0.0 0.0 0.0 0.0 0.0 0.009073367401011653 0.0 0.0 0.0 0.04198634352331438 0.0 0.137646169120275 0.0030700471809786524 0.0 0.0671584339117301 0.021068570086472622 0.013881083243088177 0.0 0.0 0.008394167268087258 0.0037361105046264816 0.0 0.0 0.0 0.0 0.0 0.0 0.1317846543153103 0.11646034884575449 0.0 0.01803180232028122 0.0 0.0 0.11814085618218853 0.0 0.0507834561276556 0.0 0.0 0.0 
    87.txt
        0.0 0.0 0.0 0.0 0.0 0.0 0.0 0.0 0.0 0.0 0.0 0.0 0.0 0.0419061440203586 0.0 0.0 0.0 0.0 0.0 0.0 0.0 0.0 0.14863778196768734 0.0 0.0 0.0 0.846413665922764 0.0 0.0 0.0 0.0 0.0 0.0 0.0 0.0 0.0 0.0 0.0 0.0 0.0 
    135.txt
        0.0 0.0 0.0 0.0 0.0 0.0 0.019658962702191914 0.0 0.0 0.0 0.0 0.0 0.0 0.029932960014541855 0.0 0.048503313380693955 0.09129713704138136 0.0 0.0 0.0 0.0 0.016189812186714753 0.0 0.0 0.0 0.0 0.0 0.09135767499367613 0.0 0.0 0.0 0.0 0.5266122940487069 0.0 0.0 0.0 0.0 0.0 0.0 0.0 
    81.txt
        0.0 0.0 0.0 0.0 0.0 0.0 0.0 0.0 0.0 0.0 0.06064694064478743 0.0 0.0 0.023281191122421444 0.0 0.0 0.0 0.0 0.0 0.0 0.0 0.012592076145222585 0.0 0.0 0.0 0.0 0.9404596288030711 0.0 0.0 0.0 0.0 0.0 0.0 0.0 0.0 0.0 0.10269543350259243 0.0 0.0 0.0 
    51.txt
        0.0 0.0 0.0 0.0 0.0 0.0 0.045870912971781135 0.05913520152747869 0.0 0.0 0.0 0.0 0.09941112214242083 0.015520794081614296 0.0 0.0 0.0 0.0 0.0 0.0 0.0 0.012592076145222585 0.0 0.0 0.0 0.0 0.0 0.0 0.09517780589439077 0.0 0.0 0.020257950754883843 0.0 0.0 0.0 0.0 0.0 0.0 0.0 0.0 
    78.txt
        0.0 0.0 0.0 0.1491206578434787 0.0 0.10815869283285434 0.019658962702191914 0.0 0.0 0.0 0.0 0.0 0.17041906652986427 0.006651768892120413 0.0 0.0 0.0 0.03007568036002438 0.0 0.0 0.0 0.0107932081244765 0.0 0.0 0.0 0.0 0.0 0.0 0.16316195296181277 0.0 0.0 0.017363957789900436 0.0 0.0 0.10238874202456338 0.0 0.0 0.0 0.0 0.0 
    99.txt
        0.0 0.0 0.0 0.0 0.0 0.0 0.0 0.01298089789627581 0.0 0.0 0.0 0.0 0.043643907282038416 0.028959530420573015 0.0 0.0 0.0 0.0 0.0 0.02328580753678148 0.009315478309706592 0.01105645710312227 0.0 0.0 0.0 0.0704968721438089 0.0 0.0 0.041785378197537415 0.0 0.0 0.04891553962764636 0.0 0.0 0.0 0.0 0.0 0.0 0.02044100500688487 0.0 
    45.txt
        0.0 0.0 0.0 0.0 0.06655653184611918 0.019923969732367906 0.01991763326406286 0.0 0.0 0.0 0.014363749100081234 0.0 0.05493772539449572 0.006126629242742486 0.0 0.03573928354366923 0.016817893665517617 0.04432205526740435 0.0 0.0 0.040203643231365285 0.012923446570096864 0.0 0.0 0.0 0.0 0.0 0.0 0.052598261152163324 0.0 0.0 0.022390366623818984 0.0 0.0 0.028291626085734618 0.0 0.0 0.0 0.05881271616015997 0.0 
    52.txt
        0.0 0.0 0.0 0.0 0.030969161756969735 0.0 0.046338983512309515 0.02172313525499217 0.0 0.05385831284929098 0.033417701987944096 0.0 0.054777557098884946 0.005701516193246068 0.0 0.0 0.0391273444463063 0.025779154594306613 0.0 0.03896808608196083 0.0 0.006938490937163465 0.0 0.0 0.0 0.0 0.0 0.0 0.052444913452011244 0.10814175249962915 0.0 0.0074416961956716154 0.0 0.0 0.021940444719549295 0.0 0.0 0.0 0.05131109420095589 0.0 
    214.txt
        0.0 0.0 0.0 0.0 0.01724419234194906 0.017207064768863193 0.012510248992303947 0.028223618910842102 0.0 0.0 0.033080149442611326 0.011955949764621181 0.027112124220660228 0.026985016982806673 0.0 0.007716436219655858 0.01936605937241423 0.0 0.0 0.007232712947030611 0.002893444020439169 0.006009854523856234 0.022520876055710203 0.007232712947030611 0.0 0.02189675574163761 0.04274816494559414 0.0 0.02595758342574294 0.0 0.0 0.0331493739625372 0.0 0.01305126210409927 0.0 0.0 0.0 0.0 0.0 0.0 
    39.txt
        0.0 0.1599996397990744 0.0 0.1917265600844726 0.0 0.13906117649938415 0.00421263486475541 0.0 0.13600834735408995 0.0 0.011139233995981365 0.0 0.0 0.02423144382129579 0.0 0.0 0.02608489629753753 0.012889577297153306 0.0 0.0 0.00779458389179531 0.01156415156193911 0.030334241217895373 0.0 0.0 0.0 0.1727374828413804 0.0 0.0 0.0 0.275124055454613 0.0 0.0 0.0 0.021940444719549295 0.0 0.01886242656170065 0.0 0.0 0.0 
    1.txt
        0.0 0.0 0.0 0.0 0.007986783821534301 0.0 0.008691330878863793 0.07282966924963166 0.0 0.02777955083805535 0.040218497480227454 0.016612477567684168 0.009417895781913552 0.015439105691711063 0.0 0.0 0.006727157466207048 0.0 0.0 0.010049664305347795 0.0 0.0047717341181896114 0.0 0.0 0.0 0.0 0.0 0.0 0.009016844768942284 0.01394459440126797 0.1135248734086403 0.061413577025332074 0.0 0.0 0.0 0.0 0.0 0.0 0.01764381484804799 0.0 
    74.txt
        0.0 0.0 0.0 0.0 0.03448838468389812 0.0 0.0 0.0 0.0 0.0 0.0 0.0 0.04066818633099034 0.007936769700825493 0.0 0.0 0.0 0.0 0.0 0.0 0.01736066412263501 0.012878259693977644 0.0 0.0 0.0 0.0 0.0 0.0 0.15574550055445766 0.0 0.0 0.07872976316102585 0.0 0.0 0.0 0.0 0.0 0.0 0.01904730012005181 0.0 
1:
    243.txt
        0.0 0.0 0.0 0.0 0.024876867640844545 0.0 0.01015175942818107 0.16577245018358783 0.0 0.04326323491172555 0.0447395463773022 0.0 0.0 0.002289953225156208 0.0 0.0 0.0 0.01035392274689364 0.0 0.0 0.04382856188337363 0.005573541900344423 0.024366849502899565 0.0 0.0 0.0 0.0 0.0 0.0 0.04343398256132647 0.0 0.023911023841830113 0.0 0.0 0.07049716663986332 0.0 0.0 0.0 0.04121710845650555 0.0 
    116.txt
        0.0 0.0 0.0 0.0 0.0 0.0 0.0 0.2661084068736541 0.0 0.0 0.0 0.0 0.0 0.0 0.0 0.0 0.0 0.0 0.0 0.0 0.09548365267449256 0.0 0.0 0.0 0.0 0.0 0.0 0.0 0.0 0.0 0.0 0.04558038919848865 0.0 0.0 0.0 0.0 0.0 0.0 0.0 0.0 
    59.txt
        0.0 0.0 0.0 0.0 0.024876867640844545 0.0 0.01015175942818107 0.16577245018358783 0.0 0.04326323491172555 0.0447395463773022 0.0 0.0 0.002289953225156208 0.0 0.0 0.0 0.01035392274689364 0.0 0.0 0.04382856188337363 0.005573541900344423 0.024366849502899565 0.0 0.0 0.0 0.0 0.0 0.0 0.04343398256132647 0.0 0.023911023841830113 0.0 0.0 0.07049716663986332 0.0 0.0 0.0 0.04121710845650555 0.0 
2:
    164.txt
        0.0 0.0 0.0 0.0 0.0 0.0 0.0 0.08187950980727819 0.0 0.0 0.0 0.0 0.0 0.037608077966988486 0.0 0.0 0.0 0.0 0.0 0.0 0.0 0.026152773532385373 0.0 0.07343985453908004 0.0 0.0 0.0 0.0 0.0 0.0 0.0 0.0 0.0 0.0 0.0 0.0 0.0 0.0 0.0 0.0 
    222.txt
        0.0 0.0 0.0 0.0 0.0 0.0 0.003440318472883585 0.07983252206209623 0.0 0.0 0.009097041096718115 0.026303089482166597 0.0 0.013968714673452868 0.0 0.033952319366485774 0.010651332654827825 0.010526488126008534 0.0 0.0 0.019096730534898514 0.005666434265350163 0.024772963661281223 0.14320771635120608 0.0 0.0 0.0 0.0 0.0 0.0 0.0 0.04254169658525607 0.0 0.0 0.0 0.0 0.03080863005077773 0.0 0.0 0.0 
    187.txt
        0.0 0.0 0.0 0.0 0.0 0.0 0.03753074697691184 0.04838334670430075 0.0 0.0 0.0 0.14347139717545418 0.0 0.006349415760660395 0.0 0.0 0.0 0.0 0.0 0.0 0.0 0.010302607755182115 0.0 0.08679255536436732 0.0 0.0 0.0 0.0 0.0 0.0 0.0 0.04972406094380579 0.0 0.15661514524919123 0.0 0.0 0.0 0.0 0.0 0.0 
    206.txt
        0.0 0.0 0.0 0.0 0.0 0.0 0.007645152161963522 0.05913520152747869 0.0 0.0 0.02021564688159581 0.0 0.0 0.01034719605440953 0.0 0.0377247992960953 0.0 0.046784391671149034 0.0 0.0 0.028291452644294092 0.012592076145222585 0.0 0.10607978988978228 0.0 0.0 0.0 0.0 0.0 0.0 0.0 0.04726855176139563 0.0 0.0 0.0 0.0 0.0 0.0 0.0 0.0 
    137.txt
        0.0 0.0 0.0 0.0 0.0 0.0 0.011629245542141696 0.07496011461229694 0.0 0.0 0.00768764036342376 0.06668388882802799 0.0 0.016723109116105545 0.0 0.0 0.0 0.0 0.0 0.013446733929690712 0.0 0.015961786662958208 0.0 0.06723366964845356 0.0 0.0 0.0 0.0 0.0 0.0 0.0 0.04108654800990526 0.0 0.07279295483413113 0.0 0.0 0.013017731007370872 0.0 0.0 0.0 
    162.txt
        0.0 0.0 0.0 0.0 0.0 0.0 0.012385146502380906 0.08515469019956932 0.0 0.0 0.0 0.09469112213579975 0.01789400198563575 0.0 0.0 0.020371391619891464 0.0 0.03789535725363072 0.0 0.0 0.007638692213959405 0.0 0.02972755639353747 0.15275489744128648 0.0 0.0 0.0 0.0 0.01713200506099034 0.0 0.0 0.061989329309944566 0.0 0.10336599586446621 0.0 0.0 0.0 0.0 0.0 0.0 
    12.txt
        0.0 0.0 0.0 0.0 0.0 0.0 0.0 0.032584702882488256 0.0 0.0 0.033417701987944096 0.12883145868816293 0.0 0.02280606477298427 0.0 0.0 0.0 0.0 0.0 0.0 0.0 0.01850264249910257 0.0 0.019484043040980416 0.0 0.0 0.0 0.0 0.0 0.0 0.0 0.037208480978358084 0.0 0.14063400797886558 0.0 0.0 0.0 0.0 0.0 0.0 
    229.txt
        0.09896464986057218 0.0 0.0 0.0 0.0 0.0 0.010320955418650756 0.059874391546572175 0.0 0.0 0.02046834246761576 0.0 0.011183751241022345 0.013095670006362064 0.0 0.0 0.03195399796448348 0.007894866094506401 0.0 0.0 0.009548365267449257 0.007083042831687704 0.037159445491921836 0.059669881813002534 0.0 0.0 0.0 0.0 0.010707503163118963 0.0 0.0 0.041022350278639784 0.0 0.0 0.0 0.0 0.0231064725380833 0.0 0.052380075330142474 0.0 
    195.txt
        0.0 0.0 0.0 0.0 0.0 0.0 0.04954058600952362 0.10644336274946165 0.0 0.0 0.0 0.0 0.0 0.00838122880407172 0.0 0.0 0.0 0.050527143004840964 0.0 0.0 0.01527738442791881 0.013599442236840393 0.0 0.0 0.0 0.0 0.0 0.0 0.0 0.0 0.0 0.02187858681527455 0.0 0.0 0.0 0.0 0.07394071212186655 0.0 0.0 0.0 
    183.txt
        0.0 0.0 0.0 0.03131533814713053 0.011381166945686378 0.0 0.0010320955418650756 0.06918818578715007 0.0 0.0 0.002729112329015435 0.0394546342232499 0.008947000992817875 0.005936703736217469 0.0 0.0 0.0 0.00947383931340768 0.0 0.0 0.01336771137442896 0.009632938251095279 0.0 0.09547181090080406 0.0 0.0 0.0 0.009592555874335993 0.00856600253049517 0.0 0.0 0.07930987720537025 0.0 0.025841498966116552 0.005375408956289578 0.0 0.004621294507616659 0.0 0.004190406026411398 0.0 
    14.txt
        0.0 0.0 0.0 0.0 0.0 0.0 0.02948844405328787 0.1140464600887089 0.0 0.0 0.0 0.0 0.0 0.004988826669090309 0.0 0.0 0.0 0.0 0.0 0.0 0.0 0.008094906093357376 0.0 0.2045824519302944 0.0 0.0 0.0 0.0 0.0 0.0 0.0 0.05209187336970131 0.0 0.0 0.0 0.0 0.0 0.0 0.0 0.0 
    148.txt
        0.0 0.0 0.0 0.0 0.0 0.0 0.0242846009850606 0.10957404988915169 0.0 0.0 0.0 0.04641721673323517 0.0 0.01232533647657606 0.0 0.0 0.0 0.0 0.0 0.0 0.0 0.013332786506706266 0.0 0.196559610678126 0.0 0.0 0.0 0.0 0.0 0.0 0.0 0.021449594916935835 0.0 0.05066960581591481 0.0 0.0 0.0 0.0 0.0 0.0 
    175.txt
        0.0 0.0 0.0 0.0 0.01996695955383575 0.0 0.005432081799289871 0.051354253958073595 0.0 0.0 0.014363749100081234 0.20765596959605206 0.0 0.009802606788387977 0.0 0.008934820885917308 0.016817893665517617 0.011080513816851087 0.0 0.025124160763369485 0.0067006072052275475 0.012923446570096864 0.026076803853980233 0.06699776203565197 0.0 0.0 0.0 0.01682904539357192 0.0 0.0 0.0 0.01599311901701356 0.0 0.24179180319173382 0.0 0.0 0.01621506844777775 0.0 0.0 0.0 
    127.txt
        0.0 0.0 0.0 0.0 0.0 0.0 0.04345665439431897 0.1120456449994333 0.0 0.0 0.0 0.0 0.0 0.007351955091290982 0.0 0.0 0.0 0.06648308290110652 0.0 0.0 0.020101821615682643 0.011929335295474028 0.0 0.0 0.0 0.0 0.0 0.0 0.0 0.0 0.0 0.01919174282041627 0.0 0.0 0.0 0.0 0.09729041068666651 0.0 0.0 0.0 
    179.txt
        0.0 0.0 0.0 0.0 0.004079271306697627 0.0 0.004439120610172368 0.11159384804379044 0.0 0.0 0.023476235088304816 0.0 0.06734301822551089 0.002253018495718204 0.0 0.0 0.0 0.00679128266194099 0.0 0.0 0.0020534118854729586 0.0024371760281075975 0.0 0.18991704318977148 0.0 0.0 0.0 0.010314576208963436 0.06447528786394215 0.0 0.0 0.042149607215806704 0.0 0.0 0.011560019260837802 0.0 0.049691338791576986 0.0 0.0 0.0 
    22.txt
        0.0 0.0 0.0 0.0 0.0 0.0 0.0121423004925303 0.10957404988915169 0.0 0.0 0.0 0.0 0.0 0.008216890984384039 0.0 0.0 0.0 0.0 0.0 0.028079944382589428 0.0 0.006666393253353133 0.08743398939275725 0.16847966629553657 0.0 0.0 0.0 0.0 0.0 0.0 0.0 0.04289918983387167 0.0 0.0 0.0 0.0 0.05436817067784305 0.0 0.0 0.0 
    20.txt
        0.0 0.0 0.0 0.0 0.0 0.0 0.0 0.12522748558760194 0.0 0.0 0.03210720387076982 0.0 0.0 0.004108445492192019 0.0 0.0 0.0 0.14860924413188517 0.0 0.0 0.022466741805762955 0.0 0.0 0.11231977753035771 0.0 0.0 0.0 0.0 0.0 0.0 0.0 0.04289918983387167 0.0 0.0 0.0 0.0 0.0 0.0 0.0 0.0 
    128.txt
        0.0 0.0 0.0 0.0 0.0 0.0 0.028148060232683875 0.06047918338037593 0.0 0.0 0.0 0.035867849293863545 0.0 0.01269883152132079 0.0 0.046298617317935144 0.0 0.0 0.0 0.02169813884109183 0.0 0.010302607755182115 0.0 0.10849069420545915 0.0 0.0 0.0 0.0 0.0 0.0 0.0 0.03729304570785435 0.0 0.03915378631229781 0.0 0.0 0.042011768251060545 0.0 0.0 0.0 
    159.txt
        0.0 0.0 0.0 0.0 0.0 0.0 0.022935456485890567 0.05913520152747869 0.0 0.0 0.0 0.058451309960370214 0.0 0.025867990136023828 0.0 0.0 0.0 0.0 0.0 0.0 0.0 0.012592076145222585 0.0 0.03535992996326076 0.0 0.0 0.0 0.0 0.0 0.0 0.0 0.03376325125813974 0.0 0.06380617028670753 0.0 0.0 0.0 0.0 0.0 0.0 
    146.txt
        0.0 0.0 0.0 0.0 0.0 0.0 0.016680331989738596 0.04300741929271178 0.0 0.0 0.011026716480870443 0.06376506541131297 0.0 0.013404322161394165 0.0 0.020577163252415622 0.0 0.0 0.0 0.009643617262707481 0.015431701442342233 0.00915787356016188 0.0 0.038574469050829924 0.0 0.0 0.0 0.0 0.0 0.0 0.0 0.05524895660422867 0.0 0.06960673122186277 0.0 0.0 0.04667974250117838 0.0 0.0 0.0 
    198.txt
        0.0 0.0 0.0 0.0 0.0 0.0 0.012901194273313444 0.13305420343682706 0.0 0.0 0.0 0.0 0.0 0.008730446670908042 0.0 0.0 0.0 0.039474330472532 0.0 0.0 0.02387091316862314 0.014166085663375409 0.0 0.11933976362600507 0.0 0.0 0.0 0.0 0.0 0.0 0.0 0.022790194599244324 0.0 0.0 0.0 0.0 0.0 0.0 0.052380075330142474 0.0 
    196.txt
        0.0 0.0 0.0 0.0 0.0 0.0 0.0364269014775909 0.09392061419070145 0.0 0.0 0.0 0.061889622310980226 0.0 0.0068474091536533666 0.0 0.0 0.0 0.012384103677657098 0.0 0.0 0.007488913935254318 0.011110655422255223 0.0 0.14975970337381028 0.0 0.0 0.0 0.0 0.0 0.0 0.0 0.035749324861559725 0.0 0.033779737210609874 0.0 0.0 0.0 0.0 0.0 0.0 
    185.txt
        0.0 0.0 0.0 0.0 0.012438433820422272 0.0 0.01015175942818107 0.043624328995681 0.0 0.0 0.0 0.0 0.0 0.014884695963515349 0.0 0.0 0.0 0.0 0.0 0.0 0.0 0.024152014901492498 0.0 0.03130223308223084 0.0 0.0 0.0 0.03145100286667539 0.0 0.0 0.0 0.06575531556503281 0.0 0.0 0.0 0.0 0.015151785270874294 0.0 0.0 0.0 
    145.txt
        0.0 0.0 0.0 0.0 0.0 0.0 0.003175678590354079 0.09825541176873383 0.0 0.0 0.008397268704662876 0.04855954981323064 0.0 0.011819681646767811 0.0 0.015670301246070356 0.0 0.009716758270161724 0.0 0.0 0.011751834175322162 0.00871759117746179 0.0 0.13219173817034408 0.0 0.0 0.0 0.0 0.0 0.0 0.0 0.050489046496787426 0.0 0.05300820300741857 0.0 0.0 0.0 0.0 0.0 0.0 
    197.txt
        0.0 0.0 0.0 0.0 0.0 0.0 0.010320955418650756 0.10644336274946165 0.0 0.0 0.0 0.0789092684464998 0.0 0.015714804007634475 0.0 0.025464239524864332 0.0 0.0 0.0 0.023867952725201015 0.0 0.005666434265350163 0.0 0.09547181090080406 0.0 0.0 0.0 0.0 0.0 0.0 0.0 0.03646431135879092 0.0 0.08613832988705518 0.0 0.0 0.0231064725380833 0.0 0.0 0.0 
    208.txt
        0.0 0.0 0.0 0.0 0.0 0.0 0.0052927976505901305 0.05458633987151879 0.0 0.0 0.013995447841104793 0.0 0.0 0.010745165133425282 0.0 0.052234337486901185 0.0 0.03238919423387241 0.0 0.02447995151302668 0.0391727805844072 0.00871759117746179 0.0 0.09791980605210672 0.0 0.0 0.0 0.0 0.0 0.0 0.0 0.04674911712665502 0.0 0.0 0.0 0.0 0.023698946192905947 0.0 0.0 0.0 
    186.txt
        0.0 0.0 0.0 0.0 0.0 0.0 0.0053615352824159775 0.08985478673655853 0.0 0.0 0.007088603451988142 0.02049591388220774 0.0 0.01269883152132079 0.0 0.0132281763765529 0.00829973973103467 0.0164049165600133 0.0 0.012398936480623905 0.014880569247972866 0.007359005539415796 0.0 0.09919149184499124 0.04854116387380998 0.0 0.0 0.0 0.0 0.0 0.0 0.04498843609201477 0.0 0.02237359217845589 0.041886303555503206 0.0 0.01200336235744587 0.0 0.0 0.0 
    156.txt
        0.0 0.0 0.0 0.0 0.016494444848820837 0.0 0.035898975369220015 0.04627972293454854 0.0 0.0 0.011865705778327976 0.06861675517086938 0.0 0.009110031308773608 0.0 0.0 0.0 0.027460403806978784 0.0 0.0 0.0 0.014782002431348251 0.0 0.08301896600069918 0.0 0.0 0.0 0.04170676467102606 0.0 0.0 0.0 0.03963512104216404 0.0 0.037451447776980513 0.0 0.0 0.0 0.0 0.0 0.0 
    15.txt
        0.0 0.0 0.0 0.0 0.0 0.0 0.010495886866424498 0.10824748754182541 0.0 0.0 0.009251228233950625 0.0 0.0 0.005918946895530876 0.0 0.0 0.01083186371677406 0.02140980635798346 0.0 0.01618166286454306 0.006473467977931699 0.0038416503493899413 0.050385688802605876 0.14563496578088755 0.0 0.0 0.0 0.0 0.0 0.0 0.0 0.055623525801545476 0.0 0.0 0.0 0.0 0.03133081022112989 0.0 0.0 0.0 
    191.txt
        0.0 0.0 0.0 0.0 0.0 0.0 0.041283821674603025 0.05322168137473082 0.0 0.0 0.0 0.0 0.0 0.027937429346905737 0.0 0.0 0.0 0.0 0.0 0.0 0.0 0.022665737061400654 0.0 0.09547181090080406 0.0 0.0 0.0 0.0 0.0 0.0 0.0 0.0 0.0 0.0 0.0 0.0 0.0 0.0 0.0 0.0 
    180.txt
        0.0 0.0 0.0 0.0 0.0 0.0 0.03753074697691184 0.04838334670430075 0.0 0.0 0.0 0.14347139717545418 0.0 0.006349415760660395 0.0 0.0 0.0 0.0 0.0 0.0 0.0 0.010302607755182115 0.0 0.08679255536436732 0.0 0.0 0.0 0.0 0.0 0.0 0.0 0.04972406094380579 0.0 0.15661514524919123 0.0 0.0 0.0 0.0 0.0 0.0 
    205.txt
        0.0 0.0 0.0 0.0 0.032988889697641674 0.0 0.008974743842305004 0.04627972293454854 0.0 0.0 0.02373141155665595 0.0 0.0 0.012146708411698145 0.0 0.04428563395628579 0.0 0.027460403806978784 0.0 0.0 0.016605852639042185 0.009854668287565501 0.0 0.04150948300034959 0.0 0.0 0.0 0.0 0.0 0.0 0.0 0.06341619366746247 0.0 0.0 0.0 0.0 0.0 0.0 0.0 0.0 
    189.txt
        0.10053551731867652 0.0 0.0 0.0 0.00722613774329294 0.0 0.009829481351095957 0.050687315594981734 0.0 0.0 0.010396618396249275 0.0 0.0 0.018624952897937155 0.0 0.019401325352277586 0.036518854816552544 0.01804540821601463 0.0 0.009092553419124197 0.007274944965675625 0.00539660406223825 0.028311958470035686 0.03637021367649679 0.0 0.0 0.0 0.0 0.0 0.0 0.0 0.03993710291677101 0.0 0.0 0.01023887420245634 0.0 0.008802465728793637 0.0 0.03990862882296569 0.0 
    231.txt
        0.0 0.0 0.0 0.0 0.0 0.0 0.010193536215951362 0.06570577947497631 0.0 0.0 0.013477097921063873 0.058451309960370214 0.0 0.017245326757349216 0.0 0.0 0.0 0.0 0.0 0.01178664332108692 0.0 0.01539031528860538 0.0 0.0589332166054346 0.0 0.0 0.0 0.0 0.0 0.0 0.0 0.04726855176139563 0.0 0.06380617028670753 0.0 0.0 0.01141060372251027 0.0 0.0 0.0 
    115.txt
        0.0 0.0 0.0 0.0 0.0 0.0 0.005225800211975066 0.1414753555530819 0.0 0.0 0.0 0.05993108995936693 0.0 0.007956862788675684 0.0 0.012893285835374343 0.0 0.0 0.0 0.0 0.004834615325290763 0.008607241922050882 0.0 0.13293543289985374 0.0 0.0 0.0 0.0 0.0 0.0 0.0 0.046157356150368256 0.0 0.06542151636991532 0.0 0.0 0.02339895953223625 0.0 0.0 0.0 
    232.txt
        0.0 0.0 0.0 0.0 0.0 0.0 0.02635137553698065 0.0566188099731179 0.0 0.0 0.0 0.033578412104893526 0.0 0.01337430128309317 0.0 0.043343386425300987 0.0 0.0 0.0 0.020313151255490224 0.0 0.012056243117766305 0.0 0.10156575627745112 0.0 0.0 0.0 0.0 0.0 0.0 0.0 0.038791820594458425 0.0 0.03665460846257667 0.0 0.0 0.03933016602226944 0.0 0.0 0.0 
    193.txt
        0.0 0.0 0.0 0.0 0.0 0.0 0.007372111013321967 0.05702323004435445 0.0 0.0 0.01949365949296739 0.0 0.0 0.012472066672725775 0.0 0.03637748503552047 0.0 0.04511352054003657 0.0 0.0 0.02728104362128359 0.012142359140036064 0.0 0.1022912259651472 0.0 0.0 0.0 0.0 0.0 0.0 0.0 0.04558038919848865 0.0 0.0 0.0 0.0 0.0 0.0 0.0 0.0 
    224.txt
        0.0 0.0 0.0 0.0 0.0 0.0 0.012273568605963061 0.09493597218195228 0.0 0.0 0.00885117512113114 0.04265365861972962 0.01934486701149811 0.004907926777159116 0.0 0.01101156303777917 0.013817945065722585 0.013655984595902964 0.0 0.0 0.010322557045891089 0.007963637345897527 0.016068949401912145 0.15997979123918518 0.0 0.0 0.0 0.0 0.018521086552421993 0.0 0.0 0.039420877144638836 0.0 0.03724900751872656 0.0 0.0 0.014987982186864842 0.0 0.018120674708806045 0.0 
    13.txt
        0.0 0.0 0.0 0.0 0.0 0.0 0.013317361830517103 0.08584142157214648 0.0 0.0 0.0 0.050909205449354705 0.0 0.013518110974309225 0.0 0.0 0.020615482557731275 0.0 0.0 0.0 0.0246409426256755 0.007311528084322791 0.0 0.1539867917754904 0.0 0.0 0.0 0.0 0.0 0.0 0.0 0.035288043250442824 0.0 0.05557311605616463 0.0 0.0 0.0 0.0 0.0 0.0 
    158.txt
        0.0 0.0 0.0 0.0 0.0 0.0 0.009829481351095957 0.08870280229121803 0.0 0.0 0.0 0.0751516842347617 0.0 0.014966480007270928 0.0 0.0 0.0 0.0 0.0 0.02273138354781049 0.0 0.008094906093357376 0.0 0.11365691773905244 0.0 0.0 0.0 0.0 0.0 0.0 0.0 0.047750883922226206 0.0 0.08203650465433826 0.0 0.0 0.0 0.0 0.0 0.0 
    200.txt
        0.0 0.0 0.0 0.031005285294188643 0.011268482124441958 0.0 0.0020437535482476744 0.06850315424470305 0.0 0.0 0.002702091414866767 0.03906399428044544 0.008858416824572155 0.005877924491304425 0.0 0.0 0.0 0.00938003892416602 0.0 0.0 0.013235357796464316 0.009537562624846811 0.0 0.09452654544634065 0.0 0.0 0.0 0.009497580073599994 0.008481190624252644 0.0 0.0 0.07942721286073269 0.0 0.02558564254070946 0.005322187085435226 0.0 0.004575539116452138 0.0 0.0041489168578330675 0.0 
    160.txt
        0.0 0.0 0.0 0.0 0.05419603307469704 0.0 0.05897688810657574 0.1140464600887089 0.0 0.0 0.0 0.0 0.0 0.004988826669090309 0.0 0.0 0.0 0.04511352054003657 0.0 0.0 0.02728104362128359 0.008094906093357376 0.0 0.0 0.0 0.0 0.0 0.0 0.0 0.0 0.0 0.0 0.0 0.0 0.0 0.0 0.13203698593190455 0.0 0.0 0.0 
    230.txt
        0.0 0.0 0.0 0.0 0.0 0.0 0.016680331989738596 0.04300741929271178 0.0 0.0 0.011026716480870443 0.06376506541131297 0.0 0.013404322161394165 0.0 0.020577163252415622 0.0 0.0 0.0 0.009643617262707481 0.015431701442342233 0.00915787356016188 0.0 0.038574469050829924 0.0 0.0 0.0 0.0 0.0 0.0 0.0 0.05524895660422867 0.0 0.06960673122186277 0.0 0.0 0.04667974250117838 0.0 0.0 0.0 
    248.txt
        0.0 0.0 0.0 0.0 0.0 0.0 0.011888011476979928 0.09195369033330456 0.0 0.0 0.0142885462252117 0.01652550124534027 0.03279005599462048 0.00402240474890004 0.0 0.0053328250313852 0.0 0.02976075176986706 0.0 0.0 0.007998630590533408 0.0041534073149163495 0.0 0.13995867566610018 0.0 0.0 0.0 0.040178244499836625 0.03139372655155298 0.0 0.0 0.04581902997963257 0.0 0.0 0.022514801911160537 0.0 0.024195259202181463 0.0 0.021939298567598943 0.0 
    194.txt
        0.0 0.0 0.0 0.0 0.0 0.0 0.05160477709325378 0.06652710171841353 0.0 0.0 0.0 0.0 0.0 0.017460893341816084 0.0 0.06366059881216082 0.0 0.0 0.0 0.0 0.0 0.021249128495063115 0.0 0.11933976362600507 0.0 0.0 0.0 0.0 0.0 0.0 0.0 0.0 0.0 0.0 0.0 0.0 0.0 0.0 0.0 0.0 
    129.txt
        0.0 0.0 0.0 0.0 0.0 0.0 0.007645152161963522 0.05913520152747869 0.0 0.0 0.02021564688159581 0.0 0.0 0.01034719605440953 0.0 0.0377247992960953 0.0 0.046784391671149034 0.0 0.0 0.028291452644294092 0.012592076145222585 0.0 0.10607978988978228 0.0 0.0 0.0 0.0 0.0 0.0 0.0 0.04726855176139563 0.0 0.0 0.0 0.0 0.0 0.0 0.0 0.0 
    167.txt
        0.0 0.0 0.0 0.0 0.0 0.0 0.05897688810657574 0.0760309733924726 0.0 0.0 0.0 0.0 0.0 0.019955306676361237 0.0 0.0 0.0 0.0 0.0 0.0 0.0 0.016189812186714753 0.0 0.13638830128686294 0.0 0.0 0.0 0.0 0.0 0.0 0.0 0.0 0.0 0.0 0.0 0.0 0.0 0.0 0.0 0.0 
    154.txt
        0.0 0.0 0.0 0.0 0.0 0.0 0.0355895014436233 0.05505691176696292 0.0 0.0 0.0 0.0 0.0 0.009633596326519219 0.0 0.07024617799962574 0.0 0.0 0.0 0.032921314103725535 0.0 0.01563154280096597 0.0 0.0987639423111766 0.0 0.0 0.0 0.0 0.0 0.0 0.0 0.03772170140564578 0.0 0.0 0.0 0.0 0.03187099660425283 0.0 0.0 0.0 
    234.txt
        0.0 0.0 0.0 0.0 0.01835672088013932 0.0 0.004994010686443914 0.04721278186468057 0.0 0.0 0.017607176316228608 0.19090952043508014 0.0 0.01070183785466147 0.0 0.008214270814472364 0.015461611918298456 0.010186923992911484 0.0 0.02309801876632356 0.006160235656418875 0.012795174147564885 0.023973835801239893 0.06159471671019616 0.0 0.0 0.0 0.015471864313445152 0.0 0.0 0.0 0.022055027031526765 0.0 0.2222924642246585 0.0 0.0 0.014907401637473094 0.0 0.0 0.0 
    114.txt
        0.0 0.0 0.0 0.0 0.004014520968496077 0.0 0.005460822972831087 0.1126384790999594 0.0 0.0 0.023103596436109496 0.0 0.06627408142828055 0.002217256297373471 0.0 0.0 0.0 0.006683484524449862 0.0 0.0 0.0020208180460210066 0.0023984906943281116 0.0 0.19195390551484412 0.0 0.0 0.0 0.010150852777075125 0.06345187059626052 0.0 0.0 0.04148056583142882 0.0 0.0 0.011376526891618154 0.0 0.04890258738218687 0.0 0.0 0.0 
    125.txt
        0.09958706904208522 0.0 0.0 0.0 0.007157966632507156 0.0 0.009736750394953543 0.050209133372387575 0.0 0.0 0.01029853709062428 0.0 0.0 0.01844924579512643 0.0 0.019218293981029682 0.036174337318283185 0.017875168515863547 0.0 0.009006774613283402 0.007206313409395665 0.0053456927031605315 0.028044864522205157 0.03602709845313361 0.0 0.0 0.0 0.018099162027049046 0.0 0.0 0.0 0.03956033779491468 0.0 0.0 0.010142281049602977 0.0 0.008719423599276716 0.0 0.03953213232463583 0.0 
    124.txt
        0.0 0.0 0.0 0.0 0.0 0.0 0.0 0.03012548002343254 0.0 0.0 0.030895611271872844 0.14888541216320716 0.0 0.022402655608367805 0.0 0.0 0.0 0.0 0.0 0.0 0.0 0.0171062166501137 0.0 0.018013549226566804 0.0 0.0 0.0 0.0 0.0 0.0 0.0 0.03784032310817926 0.0 0.1625251507302928 0.0 0.0 0.0 0.0 0.0 0.0 
    226.txt
        0.0 0.0 0.0 0.0 0.029561472586198387 0.009832608439350394 0.014297427419775938 0.06681509782974865 0.0 0.0 0.018902942538635045 0.027327885176276986 0.04260476663246607 0.005140003234820319 0.0 0.022046960627588163 0.00829973973103467 0.005468305520004433 0.0 0.033063830614997076 0.011573776081756675 0.005887204431532638 0.006434536015917201 0.04546276709562098 0.0 0.012512431852364348 0.0 0.008305243181243285 0.044498714444130755 0.0 0.0 0.04577770690064661 0.0 0.029831456237941187 0.013962101185167736 0.0 0.03200896628652232 0.0 0.0 0.0 
    207.txt
        0.04123527077523841 0.0 0.0 0.0 0.0 0.0 0.016126492841641804 0.13305420343682706 0.0 0.0 0.017056952056346466 0.0 0.0 0.005456529169317526 0.0 0.015915149703040206 0.0 0.009868582618133 0.0 0.0 0.017903184876467356 0.00885380353960963 0.023224653432451146 0.23867952725201014 0.0 0.0 0.0 0.0 0.0 0.0 0.0 0.019941420274338782 0.0 0.0 0.0 0.0 0.0 0.0 0.013095018832535619 0.0 
    165.txt
        0.09538761432344307 0.0 0.0 0.0 0.0 0.0 0.00994790883725374 0.057710256912358725 0.0 0.0 0.019728522860352538 0.0 0.010779519268455271 0.013463821372002764 0.0 0.0 0.030799034182634678 0.007609509488680868 0.0 0.0 0.009203243631276392 0.00819243508243397 0.035816333004262006 0.05751313909686991 0.0 0.0 0.0 0.0 0.010320484976500207 0.0 0.0 0.04173625998897756 0.0 0.0 0.0 0.0 0.022271298831887516 0.0 0.05048681959531805 0.0 
    3.txt
        0.0 0.0 0.0 0.0 0.0 0.0 0.0055788948208923 0.05753695283754684 0.0 0.0 0.014751958535218566 0.0 0.0 0.009438320725305992 0.0 0.05505781518889585 0.0 0.03413996148975741 0.0 0.025803192135352447 0.041290228183564356 0.009188812322189455 0.0 0.10321276854140979 0.0 0.0 0.0 0.0 0.0 0.0 0.0 0.04434848678771869 0.0 0.0 0.0 0.0 0.024979970311441405 0.0 0.0 0.0 
    130.txt
        0.0 0.0 0.0 0.0 0.0 0.0 0.0052927976505901305 0.05458633987151879 0.0 0.0 0.013995447841104793 0.0 0.0 0.010745165133425282 0.0 0.052234337486901185 0.0 0.03238919423387241 0.0 0.02447995151302668 0.0391727805844072 0.011623454903282386 0.0 0.09791980605210672 0.0 0.0 0.0 0.0 0.0 0.0 0.0 0.04207420541398953 0.0 0.0 0.0 0.0 0.023698946192905947 0.0 0.0 0.0 
    16.txt
        0.0 0.0 0.0 0.0 0.0 0.0 0.0 0.13305420343682706 0.0 0.0 0.0 0.1578185368929996 0.0 0.0 0.0 0.0 0.0 0.0 0.0 0.0 0.0 0.011332868530700327 0.0 0.09547181090080406 0.0 0.0 0.0 0.0 0.0 0.0 0.0 0.0638125448778841 0.0 0.17227665977411036 0.0 0.0 0.0 0.0 0.0 0.0 
    247.txt
        0.0 0.0 0.0 0.0 0.004057457021635073 0.0 0.0044153819972837455 0.11384316871600175 0.0 0.0 0.02335069372419623 0.0 0.06698289513339585 0.002240970268468375 0.0 0.0 0.0 0.006754965642358417 0.0 0.0 0.0020424310732511776 0.002424143001219321 0.0 0.1889014440283289 0.0 0.0 0.0 0.010259418047418175 0.06413050022830609 0.0 0.0 0.041924208246738225 0.0 0.0 0.011498200976020487 0.0 0.049425609707130044 0.0 0.0 0.0 
    161.txt
        0.0 0.0 0.0 0.0 0.0 0.0 0.009600888761535586 0.04950854081370309 0.0 0.0 0.012693545716350858 0.0 0.0 0.011369884036531405 0.0 0.0473753293485848 0.0 0.02937624593304707 0.0 0.02220274672111722 0.03552880099516002 0.013177754105465496 0.0 0.08881098688446888 0.0 0.0 0.0 0.0 0.0 0.0 0.0 0.04240036204510572 0.0 0.0 0.0 0.0 0.021494393058682136 0.0 0.0 0.0 
    178.txt
        0.04398428882692097 0.0 0.0 0.0 0.0 0.0 0.017201592364417925 0.14192448366594887 0.0 0.0 0.01819408219343623 0.0 0.0 0.004656238224484289 0.0 0.016976159683242887 0.0 0.010526488126008534 0.0 0.0 0.019096730534898514 0.007555245687133551 0.024772963661281223 0.25459149573547746 0.0 0.0 0.0 0.0 0.0 0.0 0.0 0.015193463066162882 0.0 0.0 0.0 0.0 0.0 0.0 0.013968020088037993 0.0 
    174.txt
        0.0 0.0 0.0 0.0 0.0 0.0 0.005225800211975066 0.05389537354403121 0.0 0.0 0.0 0.019977029986455643 0.0 0.013261437981126141 0.0 0.0 0.008089619737843919 0.007994801108360912 0.0 0.0 0.009669230650581525 0.011476322562734507 0.0 0.09668031483625728 0.0 0.0 0.0 0.02428495158059745 0.0 0.0 0.0 0.06923603422555238 0.0 0.0 0.0 0.0 0.02339895953223625 0.0 0.0 0.0 
    126.txt
        0.0 0.0 0.0 0.0 0.0 0.0 0.0 0.040939754903639096 0.0 0.0 0.04198634352331438 0.0 0.0 0.010745165133425282 0.0 0.07835150623035178 0.0 0.04858379135080862 0.0 0.0 0.029379585438305406 0.00871759117746179 0.0 0.07343985453908004 0.0 0.0 0.0 0.0 0.0 0.0 0.0 0.05609894055198603 0.0 0.0 0.0 0.0 0.0 0.0 0.0 0.0 
    9.txt
        0.0 0.0 0.0 0.0 0.0 0.0 0.011310636075233704 0.07290641284209701 0.0 0.0 0.007477020079494341 0.06485693296972585 0.0 0.0181784643010688 0.0 0.0 0.0 0.0 0.0 0.013078330260384116 0.0 0.015524477439315515 0.0 0.06539165130192058 0.0 0.0 0.0 0.0 0.0 0.0 0.0 0.03996088916031881 0.0 0.0707986273044289 0.0 0.0 0.012661080842785367 0.0 0.0 0.0 
    17.txt
        0.0 0.0 0.0 0.0 0.0 0.0 0.014744222026643935 0.0760309733924726 0.0 0.0 0.0 0.0 0.0 0.019955306676361237 0.0 0.0 0.0 0.0 0.0 0.0 0.013640521810641794 0.012142359140036064 0.0 0.13638830128686294 0.0 0.0 0.0 0.0 0.0 0.0 0.0 0.03255742085606332 0.0 0.0 0.0 0.0 0.03300924648297614 0.0 0.0 0.0 
    4.txt
        0.0 0.0 0.0 0.0 0.0 0.0 0.028148060232683875 0.06047918338037593 0.0 0.0 0.0 0.035867849293863545 0.0 0.01269883152132079 0.0 0.046298617317935144 0.0 0.0 0.0 0.02169813884109183 0.0 0.010302607755182115 0.0 0.10849069420545915 0.0 0.0 0.0 0.0 0.0 0.0 0.0 0.03729304570785435 0.0 0.03915378631229781 0.0 0.0 0.042011768251060545 0.0 0.0 0.0 
    147.txt
        0.0 0.0 0.0 0.0 0.0 0.0 0.019201777523071173 0.07426281122055464 0.0 0.0 0.0 0.0 0.0 0.016242691480759148 0.0 0.0 0.0 0.0 0.0 0.0 0.01776440049758001 0.013177754105465496 0.0 0.08881098688446888 0.0 0.0 0.0 0.0 0.0 0.0 0.0 0.04664039824961629 0.0 0.0 0.025001902122277108 0.0 0.0 0.0 0.0 0.0 
    5.txt
        0.0 0.0 0.0 0.0 0.0 0.0 0.01779475072181165 0.1468184313785678 0.0 0.0 0.01882146433803748 0.0 0.0 0.0048167981632596096 0.0 0.017561544499906434 0.0 0.010889470475181242 0.0 0.0 0.019755238484377772 0.007815771400482984 0.0 0.2633705128298043 0.0 0.0 0.0 0.0 0.0 0.0 0.0 0.01571737558568574 0.0 0.0 0.0 0.0 0.0 0.0 0.01444967595314275 0.0 
    163.txt
        0.0 0.0 0.0 0.0 0.015484580878484868 0.0 0.01263790459426623 0.032584702882488256 0.0 0.0 0.0 0.0 0.0 0.017104548579738206 0.0 0.0 0.02608489629753753 0.025779154594306613 0.0 0.019484043040980416 0.00779458389179531 0.016189812186714753 0.0 0.05845212912294126 0.0 0.0 0.0 0.0 0.0 0.0 0.0 0.05209187336970131 0.0 0.0 0.0 0.0 0.0 0.0 0.0 0.0 
    181.txt
        0.0 0.0 0.0 0.0 0.0 0.0 0.01821345073879545 0.04696030709535073 0.0 0.0 0.024080402903077364 0.0 0.026314708802405516 0.011298225103528054 0.0 0.029957928852781562 0.0 0.009288077758242823 0.0 0.014039972191294714 0.005616685451440739 0.004999794940014851 0.0 0.07019986095647357 0.0 0.0 0.0 0.0 0.025194125089691675 0.019481418648830254 0.0 0.05898638602157355 0.0 0.0 0.0 0.0 0.027184085338921526 0.0 0.0 0.0 
3:
    25.txt
        0.0 0.0 0.0 0.0 0.02299225645593208 0.0 0.012510248992303947 0.0 0.0 0.0 0.033080149442611326 0.0 0.0 0.0021164719202201314 0.0 0.0 0.01936605937241423 0.05741720796004655 0.0 0.08679255536436732 0.05786888040878337 0.0 0.0 0.0 0.0 0.0 0.0 0.0 0.0 0.04014352933698355 0.0 0.0331493739625372 0.0 0.0 0.06515647219744942 0.0 0.0 0.0 0.15237840096041447 0.0 
    105.txt
        0.0 0.0 0.0 0.0 0.0 0.0 0.0 0.0 0.0 0.0 0.0 0.0 0.0 0.0 0.0 0.0 0.15976998982241739 0.0 0.0 0.0 0.0 0.0 0.0 0.0 0.0 0.0 0.0 0.0 0.0 0.0 0.0 0.0 0.0 0.0 0.0 0.0 0.46212945076166595 0.0 0.2095203013205699 0.0 
    119.txt
        0.0 0.0 0.0 0.0 0.20564102269464485 0.0 0.0 0.004973988913526245 0.0 0.0 0.035708011781510354 0.01474939597130837 0.0 0.0052219494106365855 0.0 0.0 0.05375438909913108 0.00590270362206086 0.0 0.0 0.010708447028915054 0.011650612508196597 0.0 0.0 0.0 0.0 0.0 0.0 0.0 0.0495228586213255 0.0 0.0017039397831210708 0.0 0.0 0.0 0.0 0.0 0.0 0.25064110812180324 0.0 
    57.txt
        0.0 0.0 0.0 0.0 0.0 0.0 0.0 0.0 0.0 0.0 0.0 0.0 0.0 0.0 0.0 0.0 0.0 0.0 0.0 0.19094362180160812 0.0 0.0 0.0 0.0 0.0 0.0 0.0 0.0 0.0 0.0 0.0 0.0 0.0 0.0 0.0 0.0 0.0 0.0 0.6704649642258237 0.0 
    177.txt
        0.0 0.0 0.0 0.0 0.01724419234194906 0.0 0.0 0.0967666934086015 0.0 0.059978575673074054 0.012405056040979249 0.0 0.0 0.0015873539401650987 0.0 0.0 0.029049089058621344 0.05741720796004655 0.0 0.0 0.01736066412263501 0.0025756519387955287 0.0 0.04339627768218366 0.0 0.0 0.0 0.0 0.0 0.030107647002737666 0.0 0.00414367174531715 0.0 0.0 0.0 0.0 0.0 0.0 0.36189870228098436 0.0 
    58.txt
        0.0 0.0 0.0 0.0 0.026163602173991676 0.0 0.0 0.0 0.0 0.0 0.01882146433803748 0.0 0.0 0.0024083990816298048 0.0 0.0 0.19833515977955263 0.0 0.0 0.06584262820745107 0.0 0.003907885700241492 0.0 0.0 0.0 0.0 0.0 0.0 0.0 0.0 0.0 0.0 0.0 0.0 0.03707178590544537 0.0 0.0 0.0 0.37569157478171156 0.0 
    27.txt
        0.0 0.0 0.0 0.0 0.026163602173991676 0.0 0.007117900288724659 0.0 0.0 0.0 0.01882146433803748 0.0 0.0 0.0024083990816298048 0.0 0.0 0.022037239975505846 0.06533682285108745 0.0 0.06584262820745107 0.06585079494792591 0.0 0.0 0.0 0.0 0.0 0.0 0.0 0.0 0.04568056786622266 0.0 0.03772170140564578 0.0 0.0 0.03707178590544537 0.0 0.0 0.0 0.17339611143771302 0.0 
    75.txt
        0.0 0.0 0.0 0.0 0.0 0.0 0.0 0.0 0.0 0.13889775419027675 0.0 0.0 0.0 0.0 0.0 0.0 0.033635787331035234 0.06648308290110652 0.0 0.1507449645802169 0.040203643231365285 0.0 0.0 0.0 0.0 0.0 0.0 0.0 0.0 0.1394459440126797 0.0 0.028787614230624408 0.0 0.0 0.0 0.0 0.09729041068666651 0.0 0.13232861136035992 0.0 
    103.txt
        0.0 0.0 0.0 0.0 0.02447562784018576 0.0 0.0 0.017168284314429298 0.0 0.3405235264019688 0.12325023421360026 0.0 0.0 0.002253018495718204 0.0 0.0 0.10307741278865637 0.02037384798582297 0.0 0.0 0.0246409426256755 0.0036557640421613956 0.0 0.0 0.0 0.0 0.0 0.0 0.0 0.08546686891099724 0.0 0.005881340541740471 0.0 0.0 0.0 0.0 0.0 0.0 0.13517438794875478 0.0 
    242.txt
        0.0 0.0 0.0 0.0 0.07226137743292939 0.0 0.0 0.0 0.0 0.0 0.05198309198124637 0.0 0.08520953326493214 0.006651768892120413 0.0 0.0 0.0 0.0 0.0 0.04546276709562098 0.0 0.00539660406223825 0.0 0.0 0.0 0.0 0.0 0.0 0.08158097648090638 0.0 0.0 0.008681978894950218 0.0 0.0 0.10238874202456338 0.0 0.0 0.0 0.23945177293779416 0.0 
    85.txt
        0.0 0.0 0.0 0.0 0.041013214218689656 0.0 0.0055788948208923 0.0 0.0 0.0 0.029503917070437133 0.0 0.0 0.009438320725305992 0.0 0.0 0.05181729399645969 0.017069980744878706 0.0 0.0 0.0 0.012251749762919272 0.04017237350478036 0.1548191528121147 0.0 0.0 0.0 0.0 0.0 0.07160737665515986 0.0 0.0 0.0 0.0 0.0 0.0 0.07493991093432421 0.0 0.1585559037020529 0.0 
    80.txt
        0.0 0.0 0.0 0.0 0.0 0.0 0.0 0.0 0.0 0.0 0.0 0.0 0.0 0.007760397040807148 0.0 0.0 0.0 0.1403531750134471 0.0 0.0 0.014145726322147046 0.01678943486029678 0.0 0.0 0.0 0.0 0.0 0.0 0.0 0.44157882270681903 0.0 0.0067526502516279474 0.0 0.0 0.0 0.0 0.0 0.0 0.09312013392025328 0.0 
    120.txt
        0.0 0.0 0.0 0.0 0.0 0.0 0.01196632512307334 0.0 0.0 0.0 0.02373141155665595 0.0 0.0 0.0 0.0 0.0 0.1574544827235418 0.0 0.0 0.08301896600069918 0.0 0.0 0.0 0.0 0.0 0.0 0.0 0.0 0.0 0.0 0.0 0.015854048416865617 0.0 0.0 0.0 0.0 0.12055550889434763 0.0 0.29150650618514073 0.0 
    84.txt
        0.0 0.0 0.0 0.0 0.0 0.0 0.0 0.0 0.0 0.0 0.0 0.0 0.0 0.0 0.0 0.0 0.07100888436551883 0.0 0.0 0.31823936966934685 0.042437178966441134 0.0 0.0 0.0 0.0 0.0 0.0 0.0 0.0 0.0 0.0 0.020257950754883843 0.0 0.0 0.0 0.0 0.10269543350259243 0.0 0.18624026784050657 0.0 
    33.txt
        0.0 0.0 0.0 0.0 0.0 0.0 0.041283821674603025 0.0 0.0 0.0 0.0 0.0 0.0596466732854525 0.004656238224484289 0.0 0.0 0.0 0.0 0.0 0.0 0.0 0.007555245687133551 0.0 0.0 0.0 0.0 0.0 0.0 0.05710668353663447 0.2649472936240915 0.0 0.03646431135879092 0.0 0.0 0.0 0.0 0.0 0.0 0.11174416070430394 0.0 
    101.txt
        0.0 0.0 0.0 0.0 0.0 0.0 0.0 0.0 0.0 0.0 0.0 0.0 0.0 0.01269883152132079 0.0 0.0 0.05809817811724269 0.0 0.0 0.08679255536436732 0.0 0.010302607755182115 0.0 0.0 0.0 0.0 0.0 0.0 0.0 0.0 0.0 0.0165746869812686 0.0 0.0 0.0 0.0 0.0 0.0 0.38094600240103615 0.0 
    63.txt
        0.0 0.0 0.0 0.0 0.0 0.0 0.02381758942765559 0.0 0.0 0.0 0.0 0.0 0.0 0.0 0.0 0.0 0.0 0.07287568702621293 0.0 0.03671992726954002 0.1028285490340689 0.0 0.0 0.0 0.0 0.0 0.0 0.0 0.0 0.10190280524003517 0.0 0.0 0.0 0.0 0.0 0.0 0.0 0.0 0.3223389251085691 0.0 
    76.txt
        0.0 0.0 0.0 0.0 0.03161435262690661 0.0 0.0 0.0 0.0 0.0 0.022742602741795286 0.0 0.0 0.0029101488903026805 0.0 0.16976159683242886 0.15976998982241739 0.026316220315021333 0.0 0.0 0.0 0.014166085663375409 0.0 0.0 0.0 0.0 0.0 0.0 0.0 0.0 0.0 0.015193463066162882 0.0 0.0 0.0 0.0 0.0 0.0 0.17460025110047492 0.0 
    223.txt
        0.0 0.0 0.0 0.0 0.0 0.0 0.011467728242945284 0.036959500954674186 0.0 0.0 0.0 0.0 0.03727917080340781 0.001940099260201787 0.0 0.0 0.0 0.035088293753361775 0.0 0.013259973736222785 0.04774182633724628 0.003148019036305646 0.0 0.0 0.0 0.0 0.0 0.0 0.03569167721039654 0.03679823522556825 0.0 0.040515901509767686 0.0 0.0 0.11945353236199062 0.0 0.0 0.0 0.1513202176204116 0.0 
    93.txt
        0.0 0.0 0.0 0.0 0.0 0.0 0.016126492841641804 0.041579438574008455 0.0 0.0 0.025585428084519697 0.0 0.0 0.003273917501590516 0.0 0.0 0.15976998982241739 0.029605747854399 0.0 0.029834940906501267 0.005967728292155785 0.001770760707921926 0.023224653432451146 0.0 0.0 0.0 0.0 0.0 0.0 0.020699007314382144 0.0 0.022790194599244324 0.0 0.0 0.0 0.0 0.0722077266815103 0.0 0.13095018832535618 0.0 
    46.txt
        0.12566939664834564 0.0 0.0 0.0 0.09032672179116173 0.0 0.019658962702191914 0.0 0.0 0.0 0.025991545990623185 0.0 0.021302383316233034 0.008314711115150517 0.0 0.0 0.015216189506896892 0.0 0.0986460649140841 0.0 0.02728104362128359 0.0107932081244765 0.0353899480875446 0.0 0.0 0.0 0.0 0.0 0.020395244120226596 0.0315413444790585 0.0 0.004340989447475109 0.0 0.0 0.025597185506140846 0.0 0.04401232864396818 0.0 0.1396802008803799 0.0 
    225.txt
        0.0 0.0 0.0 0.0 0.0 0.0 0.0 0.0 0.0 0.0 0.035214352632457216 0.10181841089870941 0.0 0.002253018495718204 0.0 0.0 0.020615482557731275 0.0 0.0 0.0 0.049281885251351 0.0036557640421613956 0.0 0.0 0.0 0.0 0.0 0.0 0.0 0.17093373782199447 0.0 0.005881340541740471 0.0 0.0 0.0 0.0 0.0 0.0 0.4055231638462643 0.0 
    94.txt
        0.0 0.0 0.0 0.0 0.02810164677947254 0.0 0.03058060864785409 0.039423467684985794 0.0 0.0 0.0 0.0 0.09941112214242083 0.0025867990136023825 0.0 0.0 0.023669628121839613 0.0 0.0 0.07071985992652152 0.014145726322147046 0.012592076145222585 0.0 0.0 0.0 0.0 0.0 0.0 0.09517780589439077 0.0 0.0 0.0 0.0 0.0 0.0 0.0 0.0 0.0 0.18624026784050657 0.0 
    50.txt
        0.0 0.0 0.0 0.0 0.0 0.0 0.028471601154898635 0.0734092156892839 0.0 0.0 0.01882146433803748 0.0 0.0 0.0024083990816298048 0.0 0.0 0.0 0.0 0.0 0.0 0.07902095393751109 0.007815771400482984 0.0 0.0 0.0 0.0 0.0 0.0 0.0 0.09136113573244532 0.0 0.0062869502342742965 0.0 0.0 0.0 0.0 0.0 0.0 0.231194815250284 0.0 
    64.txt
        0.0 0.0 0.0 0.0 0.0 0.0 0.10320955418650755 0.0 0.0 0.0 0.0 0.0 0.0 0.0 0.0 0.0 0.0 0.0 0.0 0.23867952725201014 0.0 0.0 0.0 0.0 0.0 0.0 0.0 0.0 0.0 0.0 0.0 0.0 0.0 0.0 0.0 0.0 0.0 0.0 0.2095203013205699 0.0 
    240.txt
        0.0 0.0 0.0 0.0 0.0751232141629464 0.0 0.018393781934229067 0.005269473403438695 0.0 0.02612928049124018 0.04323346263786827 0.0 0.008858416824572155 0.0027660821135550235 0.0 0.0 0.025310097397610674 0.025013437131109387 0.0 0.047263272723170324 0.026470715592928632 0.0056103309557922415 0.0 0.0 0.0 0.0 0.0 0.0 0.008481190624252644 0.026232405309315983 0.0 0.007220655714612063 0.0 0.0 0.08515499336696361 0.0 0.0 0.0 0.22404151032298564 0.0 
4:
    70.txt
        0.14661429608973656 0.0 0.0 0.0 0.0 0.0 0.0 0.0 0.0 0.0 0.0 0.0 0.0 0.005820297780605361 0.0 0.0 0.19527443200517683 0.0 0.0 0.0 0.042437178966441134 0.009444057108916938 0.04128827276880204 0.0 0.0 0.0 0.0 0.0 0.023794451473597693 0.0 0.0 0.035451413821046725 0.0 0.0 0.0 0.0 0.07702157512694432 0.0 0.02328003348006332 0.0 
    237.txt
        0.0 0.0 0.0 0.0 0.03372197613536705 0.0 0.03669673037742491 0.011827040305495739 0.0 0.0 0.03638816438687246 0.0 0.03976444885696834 0.0015520794081614298 0.0 0.022634879577657183 0.1704213224772452 0.028070635002689425 0.0 0.04243191595591291 0.016974871586576457 0.0 0.1321224728601665 0.0 0.0 0.0 0.0 0.04263358166371553 0.03807112235775632 0.0 0.0 0.0 0.0 0.0 0.0 0.0 0.02053908670051849 0.0 0.01862402678405066 0.0 
    104.txt
        0.11230031189852163 0.0 0.0 0.0 0.016143499213739546 0.0 0.0 0.0 0.0 0.0 0.040646353836400084 0.05036761815734029 0.0 0.005201117165647344 0.047136348923865035 0.0 0.224357858048501 0.0 0.0 0.0 0.0284419390945297 0.012056243117766305 0.06325011998624992 0.0 0.0 0.0 0.0 0.0 0.0 0.0 0.0 0.01551672823778337 0.0 0.0 0.0 0.0 0.00983254150556736 0.0 0.06241030252102082 0.0 
    108.txt
        0.1730529396469022 0.0 0.0 0.0 0.0 0.0 0.0033839198093936905 0.0 0.0 0.0 0.008947909275460441 0.0 0.0 0.010304789513202935 0.0 0.0 0.23048785417004475 0.02070784549378728 0.0 0.0 0.012522446252392468 0.011147083800688845 0.17056794652029694 0.0 0.0 0.0 0.04625211289195432 0.0 0.0 0.0 0.0 0.002988877980228764 0.0 0.0 0.0 0.0 0.03030357054174859 0.0 0.04121710845650555 0.0 
    182.txt
        0.0 0.0 0.0 0.0 0.030759910664017242 0.0 0.006973618526115376 0.0 0.0 0.017831468443346342 0.007375979267609283 0.0 0.006045270941093159 0.003303412253857097 0.0 0.006882226898611982 0.20726917598583877 0.0 0.0 0.0 0.0 0.006891609241642091 0.030129280128585272 0.0 0.0 0.0 0.0 0.03888874003109187 0.0057878395476318725 0.008950922081894982 0.0 0.04804419402002857 0.0 0.0 0.0 0.0 0.06869491835646387 0.0 0.056627108465018894 0.0 
    42.txt
        0.022176952349708054 0.0 0.0 0.0 0.0 0.0 0.0 0.0 0.0 0.0 0.013760230230329922 0.0 0.0 0.0029346039229943 0.0 0.008559408243651876 0.3007435102539621 0.0 0.0 0.0 0.019257207262082535 0.00476170946668081 0.08743398939275725 0.0 0.0 0.0 0.0 0.0 0.057586571633580975 0.0 0.0 0.0413670759112334 0.0 0.0 0.0 0.0 0.0 0.0 0.0 0.0 
    48.txt
        0.0 0.0 0.0 0.0 0.023710764470179956 0.0 0.0 0.0 0.0 0.0 0.0 0.04931829277906237 0.0 0.017460893341816084 0.0 0.0 0.17974123855021956 0.0 0.0 0.0 0.01193545658431157 0.024790649910906966 0.04644930686490229 0.0 0.0 0.09032411743425514 0.0 0.0 0.0 0.0 0.0 0.011395097299622162 0.0 0.0 0.03359630597680986 0.0 0.0 0.0 0.0 0.0 
    100.txt
        0.0 0.0 0.0 0.0 0.0 0.0 0.0 0.0 0.0 0.0 0.04366579726424696 0.0 0.0 0.00838122880407172 0.0 0.0 0.3323215788306282 0.0 0.0 0.0 0.0 0.009066294824560261 0.0 0.0 0.0 0.0 0.0 0.0 0.0 0.0 0.0 0.03646431135879092 0.0 0.0 0.0 0.0 0.0 0.0 0.0 0.0 
    176.txt
        0.3405235264019688 0.0 0.46802728131788496 0.0 0.004079271306697627 0.0 0.004439120610172368 0.0 0.0 0.11350784213398962 0.017607176316228608 0.0 0.0 0.0018775154130985037 0.28585914831247183 0.0 0.10651332654827825 0.003395641330970495 0.0 0.0 0.0 0.0024371760281075975 0.10388662180537285 0.0 0.0 0.1709359641766549 0.0 0.18566237176134182 0.0 0.0 0.0 0.004901117118117059 0.0 0.0 0.0 0.2600151562877139 0.0 0.338019703174028 0.009011625863250319 0.0 
    41.txt
        0.0 0.0 0.0 0.0 0.0 0.0 0.0 0.0 0.0 0.0 0.0 0.0 0.0 0.008730446670908042 0.0 0.0 0.23965498473362606 0.0 0.0 0.059669881813002534 0.0 0.014166085663375409 0.37159445491921833 0.0 0.0 0.0 0.0 0.0 0.0 0.0 0.0 0.0 0.0 0.0 0.0 0.0 0.0 0.0 0.052380075330142474 0.0 
    83.txt
        0.0 0.0 0.0 0.0 0.0 0.0 0.0 0.0 0.0 0.0 0.0 0.0 0.0 0.0 0.0 0.0 0.426053306193113 0.0 0.0 0.0 0.0 0.0 0.0 0.0 0.0 0.0 0.0 0.0 0.0 0.0 0.0 0.0 0.0 0.0 0.0 0.0 0.0 0.0 0.2793604017607598 0.0 
    88.txt
        0.0 0.0 0.0 0.0 0.05927691117544989 0.03548957108578033 0.003225298568328361 0.0 0.20826278188595024 0.0 0.008528476028173233 0.0 0.0 0.016369587507952577 0.0 0.0 0.1397987410946152 0.0 0.0 0.0 0.01193545658431157 0.012395324955453483 0.04644930686490229 0.0 0.0 0.1354861761513827 0.08816809020028792 0.0 0.0 0.0 0.12638511297446284 0.0028487743249055405 0.0 0.0 0.01679815298840493 0.0 0.014441545336302061 0.0 0.013095018832535619 0.0 
    38.txt
        0.0 0.0 0.0 0.0 0.06322870525381322 0.0 0.02866932060736321 0.0 0.0 0.0 0.0 0.0 0.0 0.011640595561210722 0.0 0.0 0.1775222109137971 0.0 0.0 0.02651994747244557 0.03182788422483085 0.018888114217833877 0.04128827276880204 0.0 0.0 0.0 0.0 0.0 0.0 0.0 0.0 0.0 0.0 0.0 0.029863383090497655 0.0 0.0 0.0 0.0 0.0 
    134.txt
        0.2439464758467886 0.0 0.5283333175661279 0.0 0.0063760038911408285 0.0 0.0 0.0 0.0 0.15523866644795636 0.022933717050549873 0.0 0.0 5.8692078459886E-4 0.4095713007334155 0.0 0.10203797669330858 0.0053074730047101846 0.0 0.0 0.0 0.0019046837866723238 0.11241512921925932 0.0 0.0 0.24288838301648444 0.0 0.17734136910537132 0.0 0.0 0.0 0.0030642278452765476 0.0 0.0 0.0 0.3657692198534731 0.0 0.28448717099714577 0.0 0.0 
